NbSalaries;P1;P2;P3;P4;P5;P6;P7;P8;P9;P10;P11;P12;P13;P14;P15;P16;P17;P18;P19;P20;P21;P22;P23;P24;P25;P26;P27;P28;P29;P30;PredictionCapaciteEmprunt;PredictionPrevisionnelAnnuel;PredictionSecteur1;PredictionSecteur2;PredictionSecteurParticulier
0;0;0;0;0;2916.26;0;0;0;0;0;0;0;0;0;0;0;0;0;0;0;0;625.07;58.36;0;0;0;0;6.62;0;0;0;0;0;0;
1;2717.65;5821.74;678.1;4022.88;22780.9;1042.21;1528.9;767.1;-97.57;0;0;141.64;61.81;2244.45;0;10.09;0;482.46;7210.77;3425.28;35.62;26094.71;0;502.24;0;364.78;0;183.78;0;17.93;0;0;0;0;
3;14574.08;6451.49;2026.71;5285.73;3957.72;847.52;1039.02;699.39;-272.03;0;0;5525.9;79.96;960.09;1000.4;541.75;0;207.67;1323.98;25858.8;1691.69;7395.12;50.34;774.59;153.2;89.06;0;556.52;0;603.11;0;0;0;0;
1;0;684.37;3905.82;0;229.04;56.36;0;18.78;0;0;0;0;0;276.78;0;0;0;0;0;188.7;0;0;219.23;0;0;0;0;0;0;0;0;0;0;0;
0;1342.47;496.71;520.15;0;0;0;476.23;3439.41;0;0;106.3;0;0;15.15;0;548.33;0;45.63;0;1028.75;318.03;0;0;167.12;0;0;0;0;0;215.94;0;0;0;0;
2;494.87;0;15996.19;1060.28;553.5;1863;1017.44;0;-149.43;0;0.38;651.42;909.78;0;0;9150.15;0;37.16;0;597.02;1375.79;0;408.57;144.63;82.39;36.6;2.75;111.74;0;0;0;0;0;0;
3;174.23;0;9047.47;224.62;0;161.3;440.58;0;47.57;0;0;9.74;19.4;126.49;0;4252.91;0;11.94;197.04;486.17;486;0;111.61;86.52;0;0;0;0;0;0;0;0;0;0;
0;51.14;7.21;163.92;20.23;0;17.26;261.74;0;33.72;0;0;164.53;395.6;85.78;0;19.04;0;81.51;0;318.25;0;0;0;69.67;0;0;0;126.51;12.03;0;0;0;0;0;
1;38.33;0;0;307.65;312.26;21.97;51.14;512.48;-12.44;0;396.05;0;0;38.77;0;0;0;213.02;0;0;1257.09;0;0;4.56;0;23.46;0;0;0;147.35;0;0;0;0;
1;148.64;186.66;1186.7;1188.51;272.4;0;527.7;0;0;0;0;1156.32;3241.91;1427.22;0;861.25;0;49.32;39.61;164.26;232.98;0;682.39;661.11;0;0;0;270.02;0;0;0;0;0;0;
4;13654.39;3372.9;0;30957.33;52477.69;1450.59;145.91;0;332.98;0;1.82;64554.37;0;3065.38;0;57.75;0;375.19;1303.94;7884.23;251.81;62302.03;39081.19;6.34;46.46;-101.75;0;497.56;0;0;0;0;0;0;
1;391.59;0;159.34;163.2;2482.77;28.81;105.41;0;96.38;0;0;165.92;0;0;0;0;0;112.87;278.33;0;0;0;0;7.69;0;0;0;23.46;0;0;0;0;0;0;
6;51118.47;20771.08;376.98;3116.39;1891.62;4435.17;1633.81;713.63;2109.27;0;236.06;11219.39;1555.38;25303.9;0;138.6;0;437.41;513.95;60631.08;4088.17;3803.67;0;437.66;61.44;1732.64;0;116.53;0;219.56;0;0;0;0;
2;173.64;0;200.28;0;0;6774.24;351.04;0;0;0;0;0;12071.81;0;0;55.9;0;4.42;0;72.32;2046.31;0;0;286.37;0;0;0;0;0;0;0;0;0;0;
1;7.69;0;191.12;0;2268.42;545.93;299.74;4.07;60.74;0;0;0;0;0;0;0;0;244.15;296.63;0;0;0;0;9.69;0;0;0;73.86;0;0;0;0;0;0;
0;61.91;0;699.09;0;0;0;0;4.82;0;0;53.58;0;0;234.92;0;1287.17;0;0;0;15.95;317.58;0;93;0;0;35.7;0;15.37;0;0;0;0;0;0;
3;45621.85;27808.26;4281.32;3756.14;1053.7;13594.04;1815.39;2543.15;464.52;0;232.59;4652.36;1649.38;39978.68;0;17.95;0;259.53;7046.2;63290.09;258.88;263.45;0;1185.4;3.9;-57.24;0;371.7;0;954.26;0;0;0;0;
3;96.74;0;38.85;0;0;4202.17;16.34;648.64;0;0;0;72.11;0;0;0;0;0;12.64;5221.86;74.58;0;0;0;0;0;0;0;0;0;245.31;0;0;0;0;
10;2296.95;0;1631.64;8.94;0;46000.37;492.21;180.01;195.86;0;12.46;129.58;66709.44;0;0;18.79;0;393.69;1990.65;212.76;1161.44;0;0;2050.48;0;355.81;0;39.67;0;0;0;0;0;0;
1;5028.34;5156.62;0;647.33;0;24.3;84.73;87.1;-99.42;0;693.51;884.43;0;8271.21;40.53;0;0;10.27;0;17421.4;423.83;582.5;0;0;0;667.95;0;21.72;0;106.45;0;0;0;0;
23;0;0;0;0;0;65618.28;0;0;358.65;0;0;0;141065.12;0;0;0;0;0;0;0;0;0;0;0;0;299.39;0;0;0;0;0;0;0;0;
1;0;0;0;0;0;1499.38;0;0;8.54;0;0;0;2210.02;0;0;0;0;0;0;0;0;0;0;0;0;17.08;0;0;0;0;0;0;0;0;
1;0;0;0;0;0;20925.83;0;0;111.01;0;0;0;11422.63;0;0;0;0;0;0;0;0;0;0;0;0;62.22;0;0;0;0;0;0;0;0;
0;0;0;0;0;0;9219.06;0;0;0;0;0;0;0;0;0;0;0;0;0;0;0;0;0;0;0;0;0;0;12910.66;0;0;0;0;0;
0;0;0;0;0;0;1898.08;0;0;0;0;0;0;0;0;0;0;0;0;0;0;0;0;0;0;0;0;0;0;498.98;0;0;0;0;0;
0;0;0;0;0;0;5164.53;0;0;340.38;0;0;0;1009.61;0;0;0;0;0;0;0;0;0;0;0;0;114.68;0;0;0;0;0;0;0;0;
50;9182.58;4164.34;0;537.98;0;7596.01;71.97;2641.22;427.5;0;395.28;8898.4;0;2986.56;0;0;0;0;0;25554.93;5020.42;0;0;468.61;0;483.63;0;0;0;0;0;0;0;0;
0;0;0;110.68;44.6;289.18;0;38.2;0;0;0;0;0;0;0;0;0;0;0;0;0;0;301.52;951.47;0;0;0;0;0;0;0;0;0;0;0;
2;0;0;0;0;0;9323.48;0;0;18.29;0;0;0;804.1;0;0;0;0;0;15.42;0;0;0;0;0;0;0;0;0;28.67;0;0;0;0;0;
2;0;11.58;10918.04;0;0;0;2333.72;0;30.49;0;0;0;0;0;0;14492.82;0;44.4;0;0;10943.85;0;227.69;1849.2;0;208.62;0;0;0;0;0;0;0;0;
4;0;949.41;150.3;3309.65;0;22398.17;83.74;0;25.6;0;0;268.91;4852.01;117.21;0;62.02;0;339.17;0;24.66;0;134.2;2242.36;370.51;0;22.3;0;19.47;11676.06;0;0;0;0;0;
3;237.7;16532.64;2366.08;3277.58;1941.83;2917.62;953.46;127.01;130.26;0;0;5207.23;675.93;10751.38;0;499.98;0;178.21;13.05;320.95;1004.43;0;1010.16;115.58;0;45.34;0;374.3;1868.04;22.95;0;0;0;0;
5;0;0;0;12.8;46.29;5179.52;54.83;0;0;0;0;1941.37;2978;3031.83;0;0;0;7.39;0;0;28.18;0;761.5;6.22;0;48.8;0;42.31;0;0;0;0;0;0;
1;0;0;0;0;0;1348.2;46.66;0;0;0;0;0;687.91;0;0;0;0;0;0;0;0;0;0;168.73;0;0;0;0;0;0;0;0;0;0;
1;443.59;0;0;0;0;0;0;0;0;0;0;0;0;0;0;529.24;0;0;0;0;0;0;0;0;0;0;0;0;0;0;0;0;0;0;
1;454.95;185.44;142.55;1385.54;0;330.15;0;0;61;0;0;1459.62;0;0;0;2633.28;0;0;0;1364.51;1053.13;0;233.97;36.23;0;69.21;0;0;0;0;0;0;0;0;
1;0;0;0;0;0;1800.47;0;0;0;0;0;0;0;0;0;0;0;0;0;0;0;0;0;0;0;0;0;0;3657.39;0;0;0;0;0;
1;2875.46;96.79;584.71;0;0;0;0;0;91.5;0;0;0;0;0;0;423.38;0;0;0;4255.25;0;0;0;0;0;67.1;0;0;0;0;0;0;0;0;
60;557761.75;500.41;11947.99;0;39420.03;464.11;1797.26;5950.12;18804.06;0;5481.73;6297.29;278.16;1697.45;0;14933.84;0;1146.47;2429.64;885081.09;10149.52;29455.36;0;1028.63;0;39629.26;0;2944.08;0;1211.01;0;0;0;0;
8;0;0;0;648.4;0;0;0;0;90.28;0;0;1700.38;0;0;0;0;0;0;0;0;0;0;0;0;0;146.4;0;0;0;0;0;0;0;0;
1;0;0;48027.09;63538.49;2111.5;67093.34;0;0;738.02;0;0;164750.08;79578.05;0;0;0;0;0;0;0;94317.75;0;0;0;0;1270.02;0;0;0;0;0;0;0;0;
8;0;0;0;494.91;0;0;0;0;0;0;0;3300.84;0;0;0;0;0;0;0;0;0;0;0;0;0;0;0;0;0;0;0;0;0;0;
16;0;0;142.8;154312.61;0;0;2576.67;0;1463.87;0;0;162010.4;0;0;0;0;0;1194.79;0;0;0;0;0;0;0;2233.43;0;0;0;0;0;0;0;0;
10;65643.37;27085.89;23018.04;5702.33;25088.99;4226.5;4309.96;5345.02;4844.76;0;61.88;4096.88;47.4;14587.43;0;3602.72;0;30.54;0;64031.75;8016.53;3184.93;1273.55;1046.77;2137.44;3930.41;0;185.83;0;222.04;0;0;0;0;
4;1212.85;0;0;0;0;0;0;0;0;0;0;0;0;0;0;0;0;0;0;2363.99;0;0;0;0;0;0;0;0;0;0;0;0;0;0;
2;0;40.03;0;1528.06;0;185.38;75.27;0;0;0;0;1672.72;0;174.63;0;0;0;0;55.63;0;0;0;0;355.14;0;0;0;26.94;0;0;0;0;0;0;
10;0;0;0;57186.14;2177.43;2583.31;243.33;0;931.04;0;0;24487.33;0;0;0;0;0;0;0;0;0;0;62.22;0;0;151.52;0;0;0;0;0;0;0;0;
1;0;0;7337.81;0;0;19.46;287.56;0;0;0;0;0;0;0;0;7993.38;0;0;0;0;57.71;0;61.71;344.47;0;0;0;4.47;0;0;0;0;0;0;
12;61912.83;23729.57;2760.14;1875.34;0;1846.01;154.87;1307.35;13441.2;0;0;12624.21;1514.36;9278.95;0;145.56;0;71.3;1081.46;22628.84;673.29;0;0;327.9;0;1019.35;0;52.19;0;1359.91;0;0;0;0;
19;30.01;0;42.97;0;0;0;17.26;0;0;0;0;0;0;0;0;0;0;0;43.33;0;0;0;0;0;0;0;0;0;0;100.04;0;0;0;0;
15;0;0;0;0;0;4704.33;0;0;24.28;0;0;0;247.44;0;0;0;0;0;0;0;0;0;0;0;0;0;0;0;499.63;0;0;0;0;0;
1;0;0;0;0;0;0;0;0;292.8;0;0;0;102.39;0;0;0;0;0;57.1;0;0;0;0;3.34;0;97.6;0;0;0;0;0;0;0;0;
1;0;0;572.76;0;0;0;0;0;0;0;0;0;1519.13;0;0;8.69;0;0;0;0;0;0;0;0;0;0;0;0;0;0;0;0;0;0;
3;0;0;0;0;0;3964.3;0;0;76.55;0;0;0;7861.58;0;631;0;0;0;0;0;0;0;0;0;0;47.76;0;0;523.16;0;0;0;0;0;
10;0;0;0;0;0;1060.35;0;0;29.16;0;0;0;1184.53;0;0;0;0;0;2104.26;0;0;0;0;0;0;126.88;0;0;0;0;0;0;0;0;
1;0;0;0;0;0;1165.59;0;0;30.5;0;0;0;0;0;0;0;0;0;0;0;0;0;0;0;0;0;0;0;466.65;0;0;0;0;0;
18;884.35;86697.64;22142.64;7166.33;563.53;737.18;221.24;74.54;201.29;0;0;31462.42;0;150698.17;0;11.6;0;207.64;5398.27;1354.77;12652.82;0;0;817.49;0;345.26;0;32.18;0;0;0;0;0;0;
0;6.14;0;64.46;0;0;0;20.57;0;0;0;0;0;0;0;0;21.96;0;0;0;0;0;0;0;0;0;0;0;3.81;0;0;0;0;0;0;
6;1573.56;0;3321.01;34.32;0;110364.14;2557.75;163.68;762.43;0;52.06;42.82;100923.45;0;0;175.25;0;108.59;0;1134.01;10909.67;0;0;1321.64;0;716.75;0;76.88;156.81;0;0;0;0;0;
13;0;222512.08;0;18211.45;0;0;566.49;0;3201.13;0;10.16;22722.22;0;273630.36;0;28.87;0;8.15;0;55.46;0;0;0;759.25;0;3801.52;0;0;3.17;0;0;0;0;0;
1;0;377.62;-17.36;15.48;2832.02;0;199.48;0;-22.57;0;0;3226.11;0;0;0;417.08;0;0;0;136.8;209.5;6794.2;233.52;12.2;0;157.38;0;16.87;0;0;0;0;0;0;
0;39.22;0;0;0;0;0;24.64;0;0;0;0;344.16;0;0;0;0;0;23.96;0;410.9;0;0;0;31.66;0;39.04;0;0;0;0;0;0;0;0;
0;8.58;304.44;0;0;0;0;218.78;0;0;0;0;0;0;4.56;0;0;0;0;0;14.23;0;0;0;0;0;0;0;0;0;0;0;0;0;0;
70;34726.7;72.41;0;181.16;0;43.09;271.09;9716.1;1227.77;0;5488.24;489.15;28.4;0;0;18.58;0;75.98;0;4730.22;0;0;0;618.87;0;193.25;0;78.12;0;4900.4;0;0;0;0;
8;1690.66;235.08;427.21;230.13;0;117.17;163.36;52.34;48.8;0;175.85;87.83;22.84;56.41;0;1128.96;0;181.44;0;344.37;0;0;0;150.65;0;0;0;23.19;21.48;0;0;0;0;0;
0;564.41;0;31.33;0;0;23.3;123.38;35.72;0;0;24.17;0;10.02;0;0;96.75;0;56.17;0;1219.07;28.96;0;0;17.31;0;69.97;0;0;0;14.55;0;0;0;0;
1;0;0;0;0;424.29;0;0;0;0;0;0;0;0;0;0;0;0;0;0;0;0;6998.29;0;0;0;40.26;0;0;0;0;0;0;0;0;
20;65.37;5028.98;13799.72;191.03;0;0;412.35;2788.15;-5.92;0;1739.12;2866.5;0;4959.5;0;7.44;0;26.68;0;0;13015.23;0;0;71.71;0;54.9;0;62.9;117.97;46.97;0;0;0;0;
2;0;201.29;7892.78;12216.11;35897.12;3917.15;874.75;4.13;611.16;0;0;12569.86;0;2223.33;0;5280.48;0;225.83;1515.26;0;2213.71;23608.07;4057.46;82.09;0;537.85;0;206.67;0;0;0;0;0;0;
2;541.82;0;7651.1;10.1;368.03;104.54;238.01;0;46.36;0;0;133.21;78.53;0;0;9276.53;0;6.78;0;232.53;554.03;0;550.18;500.47;0;158.42;0;67.53;12.61;0;0;0;0;0;
1;48.49;163.16;333.09;0;0;0;68.13;0;0;0;29.67;0;0;0;0;235;0;0;0;7.23;0;0;0;0;0;0;0;0;0;0;0;0;0;0;
25;43150.33;0;508;278.93;0;0;210.43;428.02;9283.2;0;775.93;336.54;45.46;0;0;0;0;85.91;71.43;3747.07;200.93;0;0;13.29;0;885.93;0;15.45;0;1408.58;0;0;0;0;
0;83.69;0;0;0;0;0;34.36;51.66;0;0;0;28.55;34.32;0;0;1142.33;0;176.44;0;84.42;415.13;0;66.53;26.99;0;68.32;0;22.64;0;71.86;0;0;0;0;
8;30281.26;0;326;0;0;0;165.92;410.71;-280.32;0;934.47;0;0;0;0;0;0;19.37;7.41;17720.16;4.94;0;0;290.36;0;185.44;0;0;0;64.22;0;0;0;0;
0;448.35;0;667.58;189.4;0;0;60.83;0;170.8;0;0;0;0;0;0;0;0;0;0;0;1005;0;0;0;0;-6.22;0;0;0;0;0;0;0;0;
0;27048.86;743.44;0;551.5;0;4329.85;158.92;1936.35;1631.2;0;874.53;425.84;0;371.6;0;149.12;0;0;3311.2;2320.05;0;0;0;4.07;0;-105.53;0;53.58;0;905.57;0;0;0;0;
0;0.32;0;286.71;0;0;0;0;0;0;0;0;0;0;0;0;0;0;0;0;478.08;0;0;0;43.92;0;0;0;14.19;0;0;0;0;0;0;
0;13.25;2.07;264.5;0;0;0;47.62;10.17;0;0;0;0;0;40.75;0;337.84;0;0;0;47.6;552.65;0;0;45.16;0;0;0;4.53;0;0;0;0;0;0;
0;229.04;0;0;0;0;9.45;0;0;0;0;0;0;0;0;0;0;0;0;0;20.39;0;0;0;0;37.17;0;0;0;0;0;0;0;0;0;
0;2142.33;9.95;0;53.66;0;638.6;135;559.62;-28.44;0;790.04;56.99;0;237.66;0;0;0;20.37;49.02;2037.85;0;0;0;217.93;0;89.67;0;0;0;98.82;0;0;0;0;
0;798.39;0;148.65;0;0;0;137.29;0;0;0;0;0;0;0;0;192.93;0;0;0;2231.15;0;0;0;64.62;96.04;0;0;15.09;0;0;0;0;0;0;
0;922.34;0;0;13.06;0;0;39.82;0;0;0;0;279.75;0;6.53;0;0;0;0;0;202.15;0;0;0;0;0;82.35;0;0;0;0;0;0;0;0;
0;1012.07;0;0;32;0;435.95;80.85;263.44;0;0;35.62;88.3;0;41.82;0;0;0;6.03;771.69;1690.97;0;0;0;29.41;0;109.02;0;0;0;36.88;0;0;0;0;
0;5099.76;4839.38;177831.42;849.26;0;3662.64;3676.7;3643.95;1308.75;0;44.03;3814.55;13.9;6970.13;0;296.59;0;274.73;5896.32;4338.99;160513.75;0;0;1367.05;1631.15;1171.59;0;852.72;0;5591.1;0;0;0;0;
0;3166.76;0;0;0;0;0;0;0;102.36;0;0;0;0;0;0;0;0;0;0;1053.59;0;0;0;0;0;0;0;0;0;0;0;0;0;0;
0;2951.87;0;0;0;0;682.54;4.39;344.09;78.07;0;907.97;0;137.65;4.65;0;153.04;0;11.35;169.85;107.1;102.77;0;0;35.38;0;0;0;7.84;42.31;268.05;0;0;0;0;
0;72.1;0;65.33;0;0;215.84;0;11.42;102.48;0;0;0;0;0;0;0;0;0;0;25.47;0;0;0;0;0;0;0;0;0;0;0;0;0;0;
1;454.94;0;36.45;0;0;809.19;7.62;0;159.94;0;0;0;142.65;0;0;6.39;0;15.25;56.22;111.26;0;0;0;0;0;0;0;0;0;0;0;0;0;0;
0;78.59;0;0;22.58;0;0;10.03;0;0;0;0;0;0;0;0;24.96;0;0;0;236.89;0;0;0;95.16;0;0;0;0;0;0;0;0;0;0;
10;3950.51;0;0;0;0;0;0;0;0;0;0;0;0;0;0;0;0;0;0;49366.8;0;0;0;0;0;610.1;0;0;0;0;0;0;0;0;
5;0;0;0;0;0;6177.37;0;0;0;0;0;0;0;0;0;0;0;0;1961.04;273.88;0;0;0;268.8;0;97.6;0;0;0;0;0;0;0;0;
22;324888.23;3168.64;14929.01;3844.71;1227.55;7737.96;1369.73;20522.19;4488.3;0;13752.28;5393.8;256.98;9055.84;0;58.34;0;97.51;1217.6;279544.44;24504.94;1259.61;0;117.29;438.88;3080.5;0;25.28;0;4509.51;0;0;0;0;
0;0;0;0;0;0;0;20.2;0;0;0;0;0;0;0;0;0;0;0;0;135.97;0;0;0;0;0;115.02;0;0;0;0;0;0;0;0;
6;2020.24;91851.07;1067.24;5569.58;62.89;373.54;0;0;1144.32;0;0;6393.31;-90.33;125515.74;0;34.06;0;11.79;0;407.61;589.26;1687.24;0;369.65;0;1137.04;0;40.89;0;118.95;0;0;0;0;
5;53.83;0;0;0;0;16438.3;0;0;102.47;0;0;0;0;0;0;0;0;0;0;161.17;0;0;0;0;0;0;0;0;0;0;0;0;0;0;
18;42995.64;0;476.66;0;0;765.08;11.46;157.46;0;0;0;0;0;0;0;6.44;0;0;0;1523.02;10284.71;0;0;53.89;0;-722.98;0;19.13;0;0;0;0;0;0;
4;76.2;0;0;221.54;0;22164.47;559.71;0;243.99;0;0;11.54;21294.28;0;0;329.69;0;0;31.04;2316.02;0;0;0;1469.56;0;219.6;0;14.68;0;0;0;0;0;0;
1;0;0;328.49;0;0;0;0;0;0;0;0;0;309.89;0;0;0;0;0;0;0;0;0;0;0;0;0;0;0;0;0;0;0;0;0;
3;1166.87;0;0;0;0;1095.76;581.8;425.72;24.4;0;932.2;48.89;0;0;0;0;0;0;15965.48;1212.38;0;0;0;71.1;0;103.53;0;1.33;0;132.87;0;0;0;0;
0;470.49;98.48;46.12;0;0;0;0;0;75.94;0;0;0;0;90.06;0;0;0;0;0;17.26;0;0;0;0;0;0;0;0;0;0;0;0;0;0;
5;24997.32;9938.03;363.74;458.45;2714.29;1374.71;857.62;666.72;611.39;0;253.89;382.3;92.39;11940.08;0;0;0;37.48;129.8;29598.64;0;0;0;2035.29;0;261.07;0;62.74;0;304.41;0;0;0;0;
60;4035.26;0;597.73;139.35;0;0;1331.3;233.58;822.27;0;146.39;1903.96;0;0;0;0;0;59.04;0;5669.06;219.39;0;0;1152.02;0;1013.43;0;42.11;0;29.89;0;0;0;0;
13;115476.39;59417.07;869.83;1818.27;3334.85;8473.59;2076.81;2606.85;8541.47;0;3688.68;422.08;501.82;9042.8;0;239.94;0;359.95;3407.64;124020.2;1605.28;5188.43;0;4420.01;640.13;2071.96;0;167.96;0;934.51;0;0;0;0;
20;437.95;0;0;0;0;138.75;0;0;0;0;0;0;0;0;0;0;0;0;0;196.07;0;0;0;0;0;0;0;0;0;0;0;0;0;0;
1;60.1;469.39;461.89;40.53;124.25;4405.31;43.16;14.76;30.5;0;0;71.36;0;0;0;23.55;0;0;0;17.49;0;0;0;0;0;0;0;0;0;34.51;0;0;0;0;
0;0;0;0;0;0;0;3.61;0;0;0;0;0;4.18;0;0;0;0;0;0;0;0;0;0;0;0;0;0;0;0;0;0;0;0;0;
0;732.13;0;66.16;0;0;0;96.43;0;0;0;0;0;8.41;0;0;556.52;0;0;0;305.66;0;0;0;132.93;0;0;0;11.39;0;0;0;0;0;0;
2;92845.6;0;182.51;92.14;0;697.92;746.01;1563.93;2629.33;0;1580.29;20.15;48.57;0;0;-6.34;0;100.2;180.84;119877.07;179.41;0;0;760.65;0;1063.43;0;211.05;0;1113.08;0;0;0;0;
3;27316.39;9649.74;767.68;706.17;459.06;107.6;306.34;167.7;563.02;0;0;104.83;0;2200.49;0;138.82;0;29.57;205.97;51042.87;309.75;784.18;0;146.2;0;767.1;0;0;41.07;334.18;0;0;0;0;
2;7692.92;1139.4;298.85;128.71;334.33;4003.45;238.44;393.34;289.14;0;26.58;74.01;5076.97;0;0;1295.21;0;268.1;0;7611.13;601.81;0;113.05;3391.34;118.77;347.09;0;211.16;2455.27;143.57;0;0;0;0;
1;37.27;77.16;90.04;6.2;740.78;1619.39;40.97;0;-6.22;0;0;0;1001.5;0;0;501.35;0;0;0;0;0;0;0;11.91;0;0;0;0;0;0;0;0;0;0;
1;4592.59;2054.81;242.82;39.12;10.2;2726.48;726.98;143.23;143.34;0;91.17;106.15;810.1;1410.45;0;353.17;0;14.99;495.64;8162.08;191.41;0;0;459.21;0;331.23;0;134.38;0;95.03;0;0;0;0;
0;0;80.74;0;0;0;0;0;0;0;0;0;0;0;0;0;0;0;0;0;24.05;0;0;0;0;0;0;0;0;0;0;0;0;0;0;
1;173.34;0;20.97;0;280.12;728.26;162.03;27.01;0;0;185.12;54.39;337.38;735.75;0;39.76;0;386.56;699.77;3184.16;0;315.86;0;108.31;208.08;71.98;0;88.69;1.77;522.04;0;0;0;0;
0;82.68;0;0;0;0;0;73.05;17.11;0;0;0;287.74;0;0;0;0;0;0;0;0;0;0;0;0;0;0;0;0;0;0;0;0;0;0;
5;79676.06;20745.54;2765.73;4275.08;11472.92;14704.23;2448.62;1624.2;2352.69;0;1640.35;5096.88;17758.39;25437.98;0;29.89;0;468.57;3806.11;123986.5;2325.03;2065.45;12466.17;2146.65;165.92;2788.31;0;1060.8;524.91;2326.86;0;0;0;0;
3;316.36;0;0;0;0;182.46;57.24;937.77;0;0;3615.71;0;0;0;0;0;0;0;0;412.97;0;0;0;24.38;0;0;0;0;6.58;321.8;0;0;0;0;
1;732.36;0;0;0;0;0;0;0;0;0;42.43;0;0;0;0;0;0;15.12;22.5;1146.56;0;0;0;0;0;0;0;4.95;0;117.12;0;0;0;0;
0;0;48.88;0;2.25;0;0;0;29.28;0;0;0;0;0;0;0;0;0;0;0;163.97;0;0;0;0;0;0;0;0;0;0;0;0;0;0;
0;168.94;0;0;123.52;0;43.3;966;87.1;0;0;42.79;57.84;0;0;0;0;0;71.2;0;103.65;0;0;0;575.02;0;0;0;61.94;7.15;68.52;0;0;0;0;
2;159.36;9177.84;64.65;0;2816.26;2693.09;546.17;25.98;24.39;0;136.57;0;0;2977.07;0;0;0;58.34;595.09;1707.06;0;0;0;215.35;0;35.38;14.91;11.22;38.3;795.16;0;0;0;0;
4;1889.93;5993.23;48666.36;45.38;0;12408.99;695.91;0;219.55;0;0;0;6396.05;9394.49;0;30714.62;0;630.53;414.06;1954.77;14420.72;0;230.58;1211.7;0;32.45;0;59.78;0;0;0;0;0;0;
0;0;0;0;0;0;20.89;0;0;0;0;0;0;0;352.82;0;19.91;0;0;0;0;0;0;0;0;0;0;0;0;0;0;0;0;0;0;
3;0;751.03;458.62;0;0;0;0;0;0;0;0;0;0;0;0;203.28;0;0;0;0;0;0;0;7.98;0;0;0;0;0;0;0;0;0;0;
0;576.96;0;710.5;0;0;76.71;2334.59;413.98;-586.82;0;49.78;0;0;0;0;0;0;33.51;0;9413.24;0;0;0;1692.63;0;956.48;0;30.35;0;467.71;0;0;0;0;
0;113.68;0;345.65;205.37;83.56;26.06;222.49;8.68;0;0;0;436.71;30.35;560.68;0;14.29;0;122.13;0;32.87;167.65;0;0;37.89;0;0;0;45.52;0;0;0;0;0;0;
1;3664.47;0;786132.83;0;0;66643.21;1856.31;5.16;1496.91;0;1.01;145.85;27622.36;0;0;782613.31;0;806.41;11.08;14321.21;249030.32;0;200.62;614.88;0;2061.15;0;385.42;0;0;0;0;0;0;
2;5555.32;0;1467.06;0;0;3932.35;1306.54;0;868.64;0;0;812.3;119.8;1214.16;0;5791.91;0;125.09;3013.24;5804.39;5223.2;0;0;79.91;0;524.45;0;27.05;0;0;0;0;0;0;
9;22.44;0;389.15;0;0;0;120.29;0;0;0;0;0;0;0;0;902.86;0;0;0;0;344.11;0;0;31.72;0;0;0;59.43;0;0;0;0;0;0;
9;272092.05;17786.2;7876.61;2151.2;616.84;5776.96;4370.09;20416.78;12553.57;0;13803.76;5803.31;555.75;18789.84;0;86.25;0;371.82;4210.96;388673.2;702.07;10271.52;0;6650.56;28.32;10516.28;0;427.29;0;9955.4;0;0;0;0;
5;44891.75;0;38.65;0;0;19.23;160.9;0;251.9;0;0;55.78;0;0;0;0;0;1108.17;0;43503.59;0;0;0;0;0;207.4;0;0;0;0;0;0;0;0;
1;0;286.94;5192.88;29433.96;4801.04;0;644.08;0;743.71;0;12.6;33922.26;0;104.46;0;17703.2;0;899.48;0;40.24;3891.37;4637.73;755.84;214.21;0;544.85;0;0;0;0;0;0;0;0;
1;0;0;0;0;352.69;0;0;0;0;0;0;0;0;0;0;0;0;0;0;0;0;0;0;15.26;0;0;0;0;0;0;0;0;0;0;
3;0;0;39.49;0;0;0;0;0;0;0;0;0;0;0;0;0;0;0;0;0;0;0;0;0;0;0;0;0;0;47.78;0;0;0;0;
1;0;18.42;0;1381;0;44.53;23.46;0;145.87;0;0;5569.14;62.77;0;0;3081.96;0;120.54;0;203.47;1298.12;0;403.04;122.29;0;551.44;0;75.43;0;0;0;0;0;0;
8;21.65;1289.92;814.72;173863.59;10356.11;172.84;0;0;127.29;0;0;183554.87;0;0;0;8.58;0;109.9;0;0;3313.9;2334.91;574.74;108.7;0;-176.57;0;48.42;0;0;0;0;0;0;
1;686.62;0;107.73;0;0;0;0;0;0;0;0;0;0;0;0;0;0;0;0;370.47;0;0;0;0;0;0;0;0;0;0;0;0;0;0;
1;0;86.63;0;0;0;46.36;0;0;0;0;0;240.56;0;166.53;0;0;0;0;0;562.74;0;0;0;0;0;56.58;0;0;0;0;0;0;0;0;
7;9016.28;4427.04;345.97;1346.36;0;1122.19;229.4;10667.79;183.22;0;468.24;2427.97;482.49;28467.47;0;98.05;0;655.93;95.56;58120.06;290.79;-140.25;0;597.43;0;785.51;0;132.32;0;289.6;0;0;0;0;
9;34.05;0;76447.68;24.78;0;1239.51;166.66;0;0;0;0;40.08;0;0;0;104625.81;0;3.28;0;0;452.47;-128.47;0;337.22;0;80.48;0;0;0;0;0;0;0;0;
10;21759.28;2515.34;0;200.01;552.32;53.56;0;0;1097.98;0;0;1384.26;0;18461.06;0;0;0;0;0;6743.09;0;0;0;0;0;506.3;0;0;0;0;0;0;0;0;
2;0;0;856.44;0;0;0;0;0;0;0;0;0;0;0;0;0;0;0;0;0;1136.43;0;0;0;0;0;0;0;0;0;0;0;0;0;
0;24.53;0;84.46;0;0;0;25.87;0;0;0;0;50.95;0;0;0;0;0;0;0;521.37;0;0;0;0;0;0;0;0;0;0;0;0;0;0;
0;660.32;258.82;74.71;0;0;41.01;318.98;0;0;0;0;0;0;128.16;0;8.53;0;57.68;200.28;187.98;0;0;0;33.66;0;0;0;119.13;0;0;0;0;0;0;
10;87.39;0;745.86;404.14;0;0;201.27;286.25;0;0;90.52;248.86;0;0;0;767.94;0;59.61;0;149.13;0;0;0;18.35;0;0;0;0;0;0;0;0;0;0;
75;144005.57;0;21809.77;0;0;17130.95;2247.48;4827.99;490.95;0;9969.66;185.45;6614.21;39.38;0;3577.71;0;165.92;1130.53;193105.65;13572.73;0;0;1149;224.92;4365.14;0;151.87;0;4805.54;0;0;0;0;
37;3095.66;14.02;0;26.47;0;485.48;392.22;2130.19;123.09;0;902.13;0;16.85;0;0;0;0;63.04;5323.95;1872.69;0;0;0;619.66;0;295.46;0;18.37;0;4275.53;0;0;0;0;
1;0;0;0;0;0;0;214.78;0;0;0;0;0;0;0;0;0;0;640.82;0;47.43;0;747.76;0;7.09;0;0;0;0;0;0;0;0;0;0;
2;37685.23;0;0;0;0;0;677.86;0;164.67;0;0;0;0;0;0;0;0;1453.53;0;44078;0;0;0;371.6;784.86;425.78;0;50.31;0;0;0;0;0;0;
1;26.91;0;0;0;0;479.14;74.13;0;0;0;0;0;76.98;0;0;0;0;0;0;0;0;0;0;0;0;0;0;0;0;0;0;0;0;0;
10;209.12;0;48052.3;2.81;646.17;441.8;4634.63;23.01;-0.22;0;0;407.18;2014.44;152.81;0;66356.61;0;116.6;0;163.28;14059.15;0;1634.68;1913.31;0;61;0;104.25;0;0;0;0;0;0;
10;1679.43;194.56;0;0;0;7509.79;1712.55;9126.34;134.93;0;28935.09;140.82;399.89;60.11;0;5.98;0;59.33;3272.37;2075.61;0;0;0;757.82;0;164.83;0;134.85;9.58;9456.51;0;0;0;0;
1;193.42;204.1;182.16;11.81;0;818.45;567.48;82.32;113.46;0;0;94.4;210.29;909.49;443.64;241.19;0;31.04;158.84;90.65;0;87.24;0;679;0;0;0;87.55;1648.34;0;0;0;0;0;
6;83.64;0;0;0;0;16188.81;38.35;1018.99;245.87;0;0;0;0;0;0;0;0;0;7832.64;386.56;0;0;0;21.58;470.03;212.28;0;0;0;1647.76;0;0;0;0;
0;719.87;323.06;1243.26;0;0;0;222.78;98.97;0;0;0;0;0;0;0;1068.44;0;27.49;0;94.04;425.44;0;0;132.42;0;0;0;255.66;0;0;0;0;0;0;
2;97.56;0;122.98;53.02;0;2010.57;23.95;214.13;24.4;0;0;0;1258.64;0;0;0;0;56.51;0;47.43;0;0;0;31.55;206.47;-24.4;0;10.32;0;79.3;0;0;0;0;
16;49.92;510.46;0;0;0;0;14.35;302.43;0;0;330.17;28.11;0;2411.9;0;0;0;0;0;265.48;0;0;0;169.7;0;0;0;0;0;0;0;0;0;0;
8;515.77;142.81;162645.1;521.12;31300.17;0;2266.48;61.4;613.61;0;0;2329.13;52.05;198.23;0;180036.75;0;120.85;0;140.08;59270.89;16811.03;6910.46;4157.17;0;1237.56;0;518.01;0;0;0;0;0;0;
19;338.32;39508.83;1120.21;3472.05;723.75;223.35;215.69;156.45;378.18;0;24.2;344.92;0;91618.46;0;0;0;734.39;129.09;127.66;455.65;0;4403.57;1200.69;0;396.5;0;0;0;0;0;0;0;0;
1;0;0;0;0;0;22.75;523.21;0;0;0;396.96;1177.5;0;0;0;1262.36;0;8.37;0;21.03;1541.65;0;435.98;1042.78;0;0;0;12.04;0;84.72;0;0;0;0;
1;7054.22;46.35;93.38;79.58;488.01;291.86;31.95;0;-104.55;0;1891.48;24.85;0;0;0;0;0;0;0;11781.98;0;0;217.98;2;0;-431.27;0;0;0;0;0;0;0;0;
0;0;0;25.89;639.62;0;0;0;0;0;0;0;76.42;0;0;0;0;0;411.24;62.34;35.75;0;0;0;0;0;0;0;0;0;17.82;0;0;0;0;
1;777.52;7094.19;764.7;1246.99;0;290.88;193.96;21.8;109.79;0;1220.43;4580.26;0;77631.99;0;874.01;0;169.97;417.73;1550.28;1034.02;0;467.49;307.76;0;1242.52;0;349.14;0;134.37;0;0;0;0;
5;19.16;0;0;0;0;0;0;0;0;0;0;0;0;53.44;0;0;0;2.11;0;231.87;0;0;0;51.46;0;0;0;2.78;0;0;0;0;0;0;
0;90.95;0;0;724.68;0;0;10.54;79.3;0;0;0;427.77;0;0;0;0;0;0;0;14.4;0;0;0;0;0;0;0;7.17;0;25.45;0;0;0;0;
0;387.45;0;320.64;0;0;40.31;45.97;0;0;0;0;0;32.87;0;0;546.57;0;51.15;0;177.55;274.35;0;0;17.34;0;0;0;0;0;0;0;0;0;0;
0;633.63;0;56.6;45.41;0;0;0;0;1.75;0;0;88.82;0;0;0;10.75;0;0;0;979.72;36.84;0;0;13.48;0;0;0;0;0;0;0;0;0;0;
0;388.13;48.31;210.87;0;0;276.06;0;271.81;24.4;0;0;0;0;0;0;1242.94;0;251.1;0;261.2;1565.35;0;0;0;0;70.76;0;0;0;5.12;0;0;0;0;
0;0;0;0;0;0;0;22.2;2633.87;240.24;0;5770.06;0;0;0;0;0;0;0;0;0;0;0;0;0;0;510.69;0;13.44;0;364.35;0;0;0;0;
20;0;0;2700.64;0;0;0;0;0;0;0;0;0;0;0;0;3395.32;0;0;0;0;1537.64;0;0;51.86;0;36.6;0;15.84;0;0;0;0;0;0;
4;106095.44;0;1197.35;1199.25;0;0;1733.52;5226.51;11694.47;0;5738.86;1151.14;0;0;0;158.22;0;286.26;281.82;113396.83;740.44;0;0;1307.84;0;9951.52;0;214.51;0;1214.82;0;0;0;0;
0;744.78;0;46.36;0;0;207.86;50.32;0;192.61;0;0;0;854.61;0;0;0;0;0;0;4220.04;243.1;0;0;0;293.67;-10.98;0;0;0;0;0;0;0;0;
0;243.66;0;307.71;0;464.08;0;13.54;4.45;0;0;0;0;0;0;0;863.14;0;29.34;74.66;165.3;2369.68;0;0;26.72;0;124.44;0;0;0;67.71;0;0;0;0;
0;5534.77;0;0;0;0;88.78;0;0;214.18;0;0;0;0;0;0;0;0;0;0;5928.66;0;0;0;0;0;253.76;0;0;0;0;0;0;0;0;
0;881.5;0;0;101.5;0;0;17.26;97.94;2.76;0;0;0;0;0;0;0;0;16.27;0;156.97;0;0;0;137.56;0;0;0;0;0;721.98;0;0;0;0;
0;3666.61;0;0;0;0;0;15.59;0;225.69;0;0;0;0;0;0;0;0;0;0;1685.54;0;0;0;0;0;179.34;0;0;0;0;0;0;0;0;
1;4566.04;0;469.73;20.52;0;2687.51;159.99;0;811.22;0;0;0;0;0;0;23.94;0;6.61;0;277.94;667.34;0;0;0;0;61;0;0;0;0;0;0;0;0;
0;0;0;11.18;0;0;0;0;0;0;0;0;0;0;0;0;10.61;0;0;0;0;0;0;0;89.49;0;0;0;0;0;0;0;0;0;0;
0;628.81;198.14;0;0;0;231.23;73.81;245.15;0;0;11.81;0;505.43;0;0;185.12;0;76.21;0;1081.43;24.83;0;0;61.31;0;114.68;0;9.83;0;178.19;0;0;0;0;
0;476.78;429.07;384.38;9.88;0;0;4.72;17.57;0;0;0;12.07;16.9;0;0;194.94;0;0;4.21;72.25;0;0;0;8.19;0;0;0;0;0;0;0;0;0;0;
0;0;0;0;0;0;0;5.31;0;0;0;0;387.19;0;0;0;86.79;0;7.03;0;0;99.92;0;0;27.99;0;0;0;0;0;0;0;0;0;0;
28;38.12;61532.94;13.79;0;0;0;74.73;4.89;1030.84;0;0;2.22;0;55352.61;0;0;0;0;0;129.8;0;0;0;162.38;0;953.42;0;9.56;0;0;0;0;0;0;
0;0;0;0;0;0;23.47;0;0;0;0;0;0;0;0;0;0;0;0;0;59.34;0;0;0;0;0;0;0;0;0;0;0;0;0;0;
2;3.1;0;31.33;0;0;0;0;0;0;0;28.74;121.22;68.19;1835.97;0;191.98;0;10.03;0;502.62;229.02;0;0;365.15;0;0;0;31.2;0;55.31;0;0;0;0;
0;111.38;0;60.24;0;522.16;452.87;281.14;0;0;0;0;0;170.79;64.88;0;116.02;0;294.01;0;112.97;36.76;0;0;11.33;0;8.05;0;1.22;0;192.13;0;0;0;0;
5;851.06;0;35.85;7.35;0;1739.32;77.07;0;0;0;0;83.97;117.29;0;0;393.38;0;6.06;0;3254.47;30.63;0;0;194.54;0;2.44;0;88.22;0;96.65;0;0;0;0;
1;835.9;22.3;9.27;29.42;0;222.98;435.77;0;25.01;0;0;35.31;406.96;52.63;0;382.17;0;38.02;0;207.55;85.12;35.55;196.15;13.86;0;0;0;141.73;0;0;0;0;0;0;
4;19442.33;12366.19;4576.77;1241.67;535.43;3373.65;1149.07;983.52;596.03;0;471.08;1791.41;1182.57;14939.47;0;2390.52;0;288.65;923.08;13891.96;3079.88;1156.38;48.76;422.77;142.87;187.88;0;422.57;1.32;722.58;0;0;0;0;
12;67.31;0;0;0;0;0;0;323.88;0;0;538.22;0;0;0;0;0;0;0;9.78;93.24;0;0;0;0;0;3.66;0;0;0;379.19;0;0;0;0;
1;2941.38;0;0;0;0;15.99;29.35;4353.6;1009.32;0;0;0;0;0;0;0;0;0;0;0;0;0;0;0;0;0;0;0;0;0;0;0;0;0;
5;72525.68;48784.39;28614.03;0;68365.22;1349;531.66;3045.41;3697.33;0;1722.74;45.13;290.56;33972.61;0;155.07;0;149.32;860.09;75050.8;5461.44;75837.26;4819.96;416.96;0;3093.27;0;65.67;0;1189.51;0;0;0;0;
12;621.86;0;0;1.43;0;154.56;84.56;2442.81;17.08;0;0;257.41;2.68;0;0;0;0;49.15;432.54;2072.35;0;0;0;94.83;0;-52.16;0;0;0;701.76;0;0;0;0;
2;1815.99;0;0;0;0;0;208.62;3230.55;145.42;0;0;20.67;0;0;0;0;0;98.23;0;1480.2;0;0;0;0;0;0;0;0;0;4695.05;0;0;0;0;
4;3932.94;0;0;0;0;0;0;0;1690.17;0;0;0;0;0;0;0;0;0;0;467.7;0;0;0;0;0;162.26;0;0;0;0;0;0;0;0;
4;1684.18;0;104.53;121.24;0;16934.23;233.95;0;0;0;0;79.54;13204.55;0;0;8.67;0;29.67;0;10453.18;285.48;0;0;781.79;80.12;0;0;21.68;0;0;0;0;0;0;
0;247.32;0;8.77;0;0;93.7;12.64;0;0;0;0;0;67.36;87.45;0;0;0;0;0;50.41;403.36;0;0;223.93;0;0;0;0;0;0;0;0;0;0;
4;0;116.88;3694.31;39967.23;83761.02;0;481.49;0;0;0;0;37625.06;0;0;0;0;0;10.57;5410.26;6.83;88.94;4056.76;23734.17;1346.18;0;0;0;0;512.4;0;0;0;0;0;
0;0;0;0;94.24;0;3.99;0;0;0;0;0;0;0;0;0;6.95;0;0;0;13.3;0;0;0;170.8;0;0;0;0;0;0;0;0;0;0;
100;23734.61;1643.75;737.61;0;0;158.58;1001.21;708.78;1546.83;0;1962.66;58.29;0;800.75;0;51;0;247.86;0;119689.86;0;0;1210.91;51.84;0;6085.15;0;552.99;0;592.01;0;0;0;0;
1;0;0;0;0;0;3025.02;0;0;0;0;0;0;1973.13;0;0;0;0;0;0;58.29;0;0;0;2.04;0;0;0;0;0;0;0;0;0;0;
2;80.94;0;376.97;0;0;5325.16;0;0;0;0;0;0;0;0;0;0;0;0;0;281.31;87.19;0;0;41.16;0;0;0;0;0;0;0;0;0;0;
0;0;0;0;180.1;0;0;0;0;0;0;0;186.94;0;0;0;0;0;0;0;0;0;0;0;0;0;0;0;0;0;0;0;0;0;0;
0;0;0;0;29.95;0;0;0;0;0;0;0;114.41;0;0;0;0;0;0;0;0;0;0;0;0;0;0;0;0;0;0;0;0;0;0;
2;0;183.96;17459.9;7943.98;38.45;136.21;850.32;0;1412.74;0;0;8504.46;0;128.83;0;3150.26;0;131.78;0;0;4468.58;17520.18;2638.24;57.43;0;120.72;0;201.06;0;0;0;0;0;0;
1;730.85;2127.63;2145.46;209.22;0;825.31;1462.94;0;12.19;0;0;108.58;33.96;1670.17;0;108.75;0;6344;0;3186.71;345.65;0;0;641.87;0;157.38;0;25.74;0;0;0;0;0;0;
3;1601.04;406.67;399.42;77.53;0;12734.17;380.93;0;0;0;0;0;12367.21;0;0;0;0;38.28;0;2634.88;402.34;0;0;175.07;0;0;0;31.34;0;0;0;0;0;0;
1;0;7721.61;0;473.99;0;0;90.58;0;36.59;0;0;633.41;0;2541.92;0;18.3;0;0;253.3;55.42;0;0;0;0;0;18.3;0;0;0;0;0;0;0;0;
1;959.75;0;20.1;0;0;2406.34;289.44;0;0;0;0;0;6488.67;0;0;0;0;5.26;0;2914.78;0;0;0;537.62;0;0;0;0;0;0;0;0;0;0;
0;93.26;0;0;37.1;0;0;0;0;0;0;0;0;0;0;0;0;0;0;0;30.01;0;0;0;69.36;43.31;0;0;0;0;0;0;0;0;0;
0;409.82;0;0;0;0;0;0;0;0;0;0;0;0;0;0;0;0;0;0;22.07;0;0;0;0;0;0;0;0;0;10.28;0;0;0;0;
0;0;121.96;636.97;0;0;566.04;99.46;0;0;0;0;0;343.74;10.47;0;89.4;0;0;0;13.71;0;0;0;0;0;0;0;0;0;0;0;0;0;0;
0;123.27;0;709.97;0;0;0;40.87;0;18.3;0;63.93;0;0;0;0;8.48;0;9.37;0;0;51.06;0;0;0;0;0;0;0;0;0;0;0;0;0;
0;658.87;11.14;464.76;0;0;0;40.11;69.14;0;0;41.96;43.33;0;394.98;0;182.49;0;0;633.92;795.82;473.08;0;0;0;0;0;0;0.57;0;61.81;0;0;0;0;
15;680.08;0;323.67;0;0;112089.69;3544.99;0;334.43;0;20.01;0;145320.1;0;0;541.56;0;16.38;5084.37;19757.81;9813.62;0;606.43;3902.18;0;742.27;0;41.41;0;0;0;0;0;0;
2;0;0;0;0;0;111.17;0;0;0;0;0;0;56.07;0;0;0;0;0;0;0;0;0;0;11.39;0;0;0;0;0;0;0;0;0;0;
1;0;0;0;0;0;397.26;0;0;0;0;0;0;95.65;0;0;0;0;0;95.65;0;0;0;0;0;0;0;0;0;0;0;0;0;0;0;
0;60.39;0;436.27;0;0;8.23;588.21;0;0;0;0;0;98.87;0;0;0;0;0;0;0;0;0;0;0;0;0;0;0;-39.7;0;0;0;0;0;
2;42.55;0;0;0;0;2124.29;11.91;143.03;0;0;0;0;170.63;0;0;0;0;0;0;0;0;0;0;0;0;0;0;0;4364.76;21.15;0;0;0;0;
0;84.6;140.5;168.33;0;0;0;49.62;0;0;0;0;0;0;0;0;212.16;0;0;0;63.28;0;0;0;73.64;0;0;0;0;0;0;0;0;0;0;
10;20762.12;24639.07;1122.85;2203.56;0;109.41;1484.47;0;-158.56;0;40.26;1206.08;0;19546.54;0;0;0;394.99;0;28544.49;0;0;0;142.85;0;868.64;0;4.42;0;0;0;0;0;0;
6;89.91;0;0;0;0;0;0;59.17;0;0;0;0;0;0;0;14.29;0;0;0;20.98;0;0;0;0;0;0;0;0;0;0;0;0;0;0;
8;19986.31;20745.87;5115.7;469.54;1774.31;2753.24;3199.13;102.91;737.54;0;109.84;130.58;3197.74;19881.4;0;75.35;0;5.14;2233.2;29939.58;2468.22;0;0;2172.38;0;1268.19;0;221.72;0;176.74;0;0;0;0;
1;162.34;85.97;651.81;129.75;5388.98;188.29;161.57;0;0;0;34.65;62.96;41.11;113.07;0;0;0;149.57;185.64;544.88;558.86;7593.6;2354.23;35.64;0;-100.78;0;195.4;0;3.76;0;0;0;0;
3;1357.69;0;0;117.61;0;281.23;211.6;141.69;-34.16;0;318.8;644.87;482.46;4834.87;0;0;0;97.16;7858.03;2725.82;0;0;0;133.05;0;91.5;0;72.49;0;441.99;0;0;0;0;
0;0;0;0;0;0;0;4.37;0;0;0;0;0;0;0;0;0;0;0;0;26.64;0;0;0;0;0;0;0;0;0;0;0;0;0;0;
1;0;0;0;0;0;491;0;0;0;0;0;0;0;0;0;0;0;0;0;0;0;0;0;0;0;0;0;0;194.04;0;0;0;0;0;
3;7656.97;156.62;0;96.62;0;0;127.86;0;4048.88;0;505.56;589.63;0;6819.29;0;301.82;0;0;31.18;11371.1;314.98;0;0;98.58;0;33.73;0;0;0;0;0;0;0;0;
1;111.21;0;0;0;0;60683.72;43.01;0;0;0;0;0;32732.16;0;0;0;0;0;0;0;17.69;0;0;440.07;0;0;0;0;0;0;0;0;0;0;
0;0;0;0;0;0;785.67;0;0;0;0;0;0;1096.27;0;0;0;0;0;0;0;0;0;0;0;0;0;0;0;0;0;0;0;0;0;
4;7440.55;741.23;0;1290.27;0;0;156.89;0;62.82;0;46.31;275.27;0;14995.02;0;0;0;0;111.7;17701.96;0;0;0;84.55;0;193.69;0;0;0;5.1;0;0;0;0;
1;45.82;72.45;3683.71;418.13;22652.48;2673.43;3059.31;49.79;143.95;0;34.98;5074.08;6081;2813.25;0;695.27;0;506.37;1128.85;28155.81;2175.5;1429.01;646.98;1263.66;1740.76;3645.52;0;361.21;1380.44;198.63;0;0;0;0;
2;0;0;0;1609.22;0;0;262.87;6.71;24.4;0;0;1846.64;0;0;0;0;0;0;0;0;0;0;0;122.77;0;61;0;0;0;0;0;0;0;0;
1;0;0;0;1503.42;0;0;9.7;0;5.57;0;0;15.14;0;0;0;0;0;0;0;0;0;0;860.06;0;0;0;0;0;0;0;0;0;0;0;
2;0;0;472.72;8629.56;2963.23;206.78;62.15;0;356.72;0;0;19124.89;0;138.62;0;106.45;0;0.23;0;0;310.9;1766.1;6653.36;12.08;0;480.17;0;630.29;0;0;0;0;0;0;
1;0;0;0;74.3;0;0;0;0;0;0;0;819.13;0;0;0;0;0;0;0;0;0;253.48;0;0;0;48.8;0;67.47;0;0;0;0;0;0;
1;0;0;445.08;548.02;0;0;45.65;0;42.7;0;0;1503.61;0;0;0;0;0;9.7;0;0;0;0;0;0;0;0;0;28.44;0;0;0;0;0;0;
1;77.31;5.07;72.42;3830.92;7230.93;0;686.36;0;17.93;0;0;926.2;0;0;0;1714;0;64.23;0;82.69;1607.29;1175.96;0;478.63;0;35.77;0;7.23;0;0;0;0;0;0;
0;0;0;21.51;0;0;0;2.24;0;0;0;0;0;0;0;0;0;0;1.98;0;184.07;0;0;0;7.03;0;0;0;0;6.7;0;0;0;0;0;
0;22.84;0;0;0;0;0;0;0;0;0;62.27;0;0;0;0;76.51;0;0;0;73;0;0;0;0;0;0;0;0;0;0;0;0;0;0;
0;31.43;0;0;0;0;0;0;0;0;0;543.66;330.4;0;0;0;0;0;33.04;0;1468.26;283.87;0;0;10.68;0;-451.4;0;0;0;0;0;0;0;0;
1;4743.7;1742.17;628.02;157.05;0;0;12.31;165.31;64.79;0;117.32;0;164.75;381.43;0;0;0;86.74;0;1659.52;22.03;0;0;0;0;-277.18;0;0;0;33.55;0;0;0;0;
1;218.62;2.6;0;0;0;0;0;0;12.2;0;164.04;427.68;5.64;27.83;0;0;0;18.54;0;0;0;0;0;23.77;0;0;0;14.37;15.54;192.15;0;0;0;0;
5;247.02;0;13.91;0;0;0;0;0;0;0;0;0;0;238.88;0;0;0;0;17.18;816.97;152.99;0;0;0;0;1.83;0;5.22;0;0;0;0;0;0;
0;20.51;0;0;0;0;176.17;35.39;0;0;0;638.19;28.06;111.33;51.19;0;1100.37;24.6;31.39;285.48;586.12;817.78;0;2774.56;147.55;23.85;26.84;0;82.11;0;411.75;0;0;0;0;
0;1678.83;164.55;1878.08;126.05;125.42;17.45;118.36;136.78;59.78;0;299.21;1628.93;0;27.68;0;19.8;0;344.47;44.57;911.47;667.67;727.38;3344.18;186.51;0;9.15;0;121.22;0;832.65;0;0;0;0;
0;0;130.54;0;101.02;0;0;14.97;81.98;0;0;0;98.82;0;39.02;0;252.67;0;7.32;0;580.89;0;0;0;8.26;0;0;0;5.33;0;0;0;0;0;0;
0;179.73;0;0;409.71;0;0;0;0;0;0;87.28;73.77;0;0;0;0;0;2.42;0;0;0;0;0;0;0;0;0;0;0;0;0;0;0;0;
0;1877.19;646.54;0;128.93;0;44.6;5.44;0;-152.5;0;358.24;0;0;1741.57;0;0;0;0;0;2002;0;0;0;0;0;264.13;0;0;0;0;0;0;0;0;
2;0;0;0;0;0;209.77;0;0;0;0;0;0;394.45;0;0;0;0;0;0;0;0;0;0;0;0;6.1;0;0;0;0;0;0;0;0;
1;2955.79;3104.35;6874.21;1264.72;302.7;2624.89;1602.07;143.65;434.98;0;563.59;2194.83;8531.34;2518.97;0;1048.53;0;532.53;810.73;5355.26;6181.26;4279.97;3290.27;2926.54;2.98;715.66;0;354.28;83.51;301.9;0;0;0;0;
0;1188.06;9.25;0;0;0;0;0;113.79;1.38;0;1829.33;46.03;78.58;27.33;0;0;0;5.69;0;5088.47;0;0;0;17.62;0;213.38;0;0;0;699.67;0;0;0;0;
0;6848.69;144.91;14.58;0;0;0;0;0;47.88;0;0;0;159.48;0;0;20.31;0;0;0;3377.34;0;0;0;0;0;277.55;0;0;0;0;0;0;0;0;
0;236.68;71.92;0;0;0;0;0;0;1.86;0;0;0;0;0;0;0;0;0;0;5.1;0;0;0;60.39;0;0;0;0;0;0;0;0;0;0;
0;1994.34;9.66;658.8;87.62;0;0;0;59.14;461.54;0;561.29;0;0;0;0;0;0;0;0;316.86;0;0;0;62.34;0;-39.5;0;0;0;161.04;0;0;0;0;
55;211567.1;0;15973.19;1269.31;0;2772.16;146.89;1271.43;3149.3;0;724.99;0;3387.04;0;0;8354.28;0;11.35;0;539394.49;15968.34;0;0;364.46;0;8526.65;0;12.66;0;831.92;0;0;0;0;
10;699.98;337.71;2317.45;235.25;0;0;197.3;0;0;0;16.31;222.72;16.75;31.49;0;882.32;0;0;0;577.11;723.67;0;65.48;91.27;0;24.4;0;282.41;0;0;0;0;0;0;
10;0;0;0;341.94;0;0;0;0;-40.38;0;0;0;0;0;0;0;0;0;0;0;0;0;1234.88;0;0;92.72;0;0;0;0;0;0;0;0;
0;0;0;0;26.1;0;0;0;0;0;0;0;157.33;0;0;0;0;0;0;0;0;0;0;0;0;0;10.98;0;0;0;0;0;0;0;0;
8;0;0;0;636.77;0;0;0;0;0;0;0;736.04;0;0;0;0;0;0;0;0;0;0;0;0;0;24.4;0;0;0;0;0;0;0;0;
2;0;0;0;2339.49;0;0;309.85;0;68.32;0;0;1670.33;0;0;0;0;0;216.67;0;0;0;0;0;0;0;0;0;0;0;0;0;0;0;0;
4;0;0;227.83;5136.83;653.55;0;327.19;0;0;0;0;3054.26;0;0;0;0;0;54.13;0;48.52;2823.71;0;0;12.49;0;0;0;86.35;0;0;0;0;0;0;
4;0;0;0;0;0;46.79;0;0;0;0;0;1371.94;0;0;0;0;0;0;0;0;0;0;23.31;0;0;24.4;0;46.48;0;0;0;0;0;0;
0;0;0;0;1490.61;0;0;205;0;0;0;0;70.46;0;0;0;0;0;0;0;0;0;0;0;0;0;0;0;106.24;0;0;0;0;0;0;
20;34.28;0;1439.69;10256.2;0;0;616.04;0;34.16;0;0;51421.27;0;0;0;540.9;0;37.7;322.23;0;502.64;0;321.87;62.54;0;202.52;0;226.14;0;0;0;0;0;0;
2;0;0;3452.29;615.89;0;3686.09;636.5;0;89.48;0;0;332.21;0;0;0;0;0;0;0;0;159.94;0;0;0;0;103.69;0;0;0;0;0;0;0;0;
0;39.28;0;0;0;0;51.24;0;0;0;0;119.18;23.06;157.14;0;0;33.87;0;0;0;0;336.92;0;0;0;0;0;0;10.03;0;0;0;0;0;0;
0;726.39;0;0;0;0;0;0;431.68;7.32;0;0;0;0;0;0;0;0;0;0;774.61;0;0;0;0;0;9.15;0;0;0;0;0;0;0;0;
1;606.47;0;24.27;0;0;1802.75;516.92;0.42;0;0;6.1;0;2920.12;0;0;0;0;0;0;216.89;0;0;0;45.95;0;-12.2;0;0;0;0;0;0;0;0;
10;0;0;0;0;0;918.69;0;0;17.08;0;0;0;8409.59;0;0;0;0;0;0;0;0;0;0;0;0;44.41;0;0;0;0;0;0;0;0;
3;0;0;0;0;0;73101.89;20.06;0;78.25;0;0;0;98378.1;0;0;0;0;0;0;0;0;0;0;5.55;0;25.38;0;0;0;0;0;0;0;0;
36;0;0;0;0;0;26127.67;3.61;0;42.69;0;0;0;24422.14;0;0;0;0;0;0;0;0;0;0;32.85;0;40.26;0;0;0;0;0;0;0;0;
18;49506.33;0;1623.17;0;0;0;8.51;26.94;4485.98;0;0;0;0;0;0;0;0;0;0;72415.15;0;0;0;0;0;2920.07;0;0;0;0;0;0;0;0;
3;35329.04;41.53;0;0;98.25;7.47;916.23;36.57;0;0;122.52;53.88;26.64;29.96;0;50.95;0;121.93;0;63260.57;0;0;0;656.35;909.25;329.4;0;82.33;11.69;155.16;0;0;0;0;
0;136.54;0;140.42;0;0;12.76;15.49;138.67;0;0;260.63;0;0;0;0;0;0;16.84;0;52.25;0;0;0;5.53;0;0;0;0;0;0;0;0;0;0;
0;126.66;12.56;105.15;23.36;0;0;200.9;0;0;0;4.71;0;0;25.96;0;0;0;7.05;0;0;0;0;0;321.69;0;0;0;16.36;3.56;0;0;0;0;0;
0;154.13;385.32;0;54.46;0;150.36;487.66;266.99;0;0;23.64;26.29;0;158.44;0;0;0;18.92;21.64;643.89;0;0;0;195.59;0;0;0;49.11;190.84;0;0;0;0;0;
0;939.2;0;0;0;0;0;0;0;9.15;0;53.63;0;0;0;0;0;0;2.54;0;18.57;0;0;0;0;0;0;0;0;0;0;0;0;0;0;
1;1921.29;0;0;802.64;0;107.54;142.95;333.86;20.98;0;53.28;0;0;56.55;0;0;0;58.58;20.15;86.05;0;0;0;201.25;0;0;0;0;14.62;252.98;0;0;0;0;
0;0;0;0;0;0;2.5;574.09;0;374.57;0;0;147.32;0;0;17.78;0;0;465.32;0;42.74;0;0;0;251.12;0;642.11;5.59;55.13;72.92;26.21;0;0;0;0;
0;1378.1;137.25;0;27.62;0;0;56.67;0;55.51;0;0;0;0;0;0;0;0;0;0;873.97;0;0;0;8.55;0;42.09;0;0;0;0;0;0;0;0;
0;143.08;0;0;23.06;0;0;0;0;0;0;23.38;1010.45;0;52.89;0;0;0;3.53;0;99.55;0;0;0;0;0;0;0;0;11.49;0;0;0;0;0;
0;0;0;0;0;0;116.27;70.26;45.38;0;0;0;407.96;0;214.98;0;17.92;0;268.45;349.37;173.65;0;0;0;114.61;0;0;0;439.15;0;152.62;0;0;0;0;
3;15.76;0;0;0;0;3.39;1153.69;24.7;0;0;25.73;0;244.65;0;0;0;0;113.83;112.46;108.49;0;0;0;738.32;0;0;0;27.96;0;74.42;0;0;0;0;
1;89.72;24.06;3257.65;20.54;0;156.01;1183.07;95.72;0;0;0;150.71;0;693.48;0;305.27;0;4.03;0;148.03;476.85;0;90.52;203.54;0;0;0;0;0;2.21;0;0;0;0;
6;2226.83;16.16;329.3;0;0;3142.81;799.69;0;40.89;0;0;0;4078.83;169.15;0;5.98;0;84.25;0;3059.25;52.41;0;0;587.77;0;57.34;0;11.3;0;0;0;0;0;0;
1;855.09;1468.14;330.36;954.36;0;11871.19;1216.34;14.15;-18.89;0;23.36;565.97;797.4;3.23;0;264.74;0;10.22;832.44;50.18;0;239.64;0;406.71;0;0;0;472.36;0;5.33;0;0;0;0;
0;83.54;44.6;0;0;0;0;180.02;0;0;0;0;0;0;0;0;0;0;21.37;0;25.89;0;0;0;23.23;0;0;0;15.53;0;0;0;0;0;0;
0;189.83;2.28;0;45.13;0;0;148.56;0;0;0;86.05;0;0;24.46;0;0;0;0;0;106.04;0;0;0;47.03;0;0;0;2.2;0;38.66;0;0;0;0;
1;1867.46;725.09;0;20.47;0;763.75;583.81;1306.4;35.75;0;378.3;0;0;0;0;0;0;237.19;7.41;1466.1;0;0;0;248.38;0;153.72;0;153.88;0;800.49;0;0;0;0;
30;550.15;538.86;434.79;371.94;119.46;2421.07;286.09;92.04;24.39;0;32.43;553.81;1370.94;0;0;309.81;0;4.5;13.58;508.39;46.19;370.88;51.96;60.35;0;31.72;0;424.77;7330.16;316.53;0;0;0;0;
6;69016.55;19552.96;8777.92;7000.03;8886.59;32215.99;4591.19;6294.89;1165.36;0;1846.24;5745.03;7734.59;7758.3;0;121.83;0;514.75;1083.84;75140.41;2686.29;7817.74;1146.51;3369.86;16.84;499.08;0;892.36;62.4;1607.37;0;0;0;0;
1;3573.51;291.59;0;578.19;0;1087.85;794.16;224.14;496.82;0;10.27;0;4460.36;360.33;0;0;0;40.03;708.55;2071.38;273.11;0;0;1205.86;0;201.01;0;70.94;0;459.77;0;0;0;0;
1;2294.02;46.26;0;334.96;0;0;411.02;829.07;73.2;0;404.8;80.32;0;51.39;0;0;0;298.96;0;5533.09;0;366.76;0;577.06;0;109.8;0;102.92;0;0;0;0;0;0;
0;0;6.28;100.58;0;0;311.48;38.55;81.64;0;0;0;0;0;0;0;31.9;0;71.39;0;0;0;0;0;26.12;0;0;0;11.96;0;0;0;0;0;0;
2;6985.95;4763.88;216.48;262.92;0;199.36;1016.28;514.61;52.26;0;147.01;177.13;0;4713.19;0;13.91;0;563.65;126.62;8224.54;553.05;0;0;81.83;0;197.8;0;76.46;0;461.92;0;0;0;0;
0;30.44;15.18;0;0;0;0;28.29;81.91;0;0;0;0;91.26;0;0;0;0;0;0;0;0;0;0;0;0;0;0;0;0;0;0;0;0;0;
2;0;591.95;0;0;0;0;0;0;0;0;0;0;0;0;0;0;0;0;0;-41.52;0;0;0;0;0;-6.22;0;0;0;0;0;0;0;0;
0;0;0;0;0;0;0;26.39;0;0;0;0;47.38;0;33.55;0;0;0;0;129.17;61.59;0;0;0;0;0;0;0;0;0;0;0;0;0;0;
3;7081.34;11498;10034.41;4674.06;0;20.12;1704.93;1416.79;215.7;0;2896.59;7932.42;9260.31;17918.92;0;9499.58;0;1170.48;6.17;23508.2;7063.95;741.88;207.84;1869.96;0;243.98;0;868.09;17.45;1420.23;0;0;0;0;
0;0;0;1545.06;0;0;0;13.79;0;0;0;32.55;0;0;0;0;0;0;8.26;0;0;0;0;0;0;0;0;0;0;0;9.63;0;0;0;0;
10;0;0;0;0;0;64528.27;0;0;186.64;0;0;0;22883.65;0;0;0;0;0;0;0;0;0;0;0;0;89.06;0;0;0;0;0;0;0;0;
2;542.05;0;0;0;0;0;0;0;0;0;0;0;4058.59;0;0;0;0;0;0;0;0;0;0;0;0;18.3;0;0;0;0;0;0;0;0;
2;0;0;0;0;0;23692.93;0;0;213.48;0;0;0;22925.53;0;0;0;0;0;0;0;0;0;0;0;0;311.1;0;0;6005.17;0;0;0;0;0;
5;2184.05;14.93;0;0;0;7167.83;117.64;1624.18;454.02;0;0;1032.33;320.04;0;0;0;0;72.04;14456.05;8991.28;0;0;0;2536.88;0;1431.5;0;52.53;0;1470.15;0;0;0;0;
0;76.31;0;0;0;0;0;450.17;0;0;0;5.08;113.81;0;0;0;0;0;91.83;0;334.13;0;0;0;407.55;0;0;0;45.73;19.06;0;0;0;0;0;
2;0;0;4095.14;0;57.5;1050.29;273.26;0;0;0;0;0;644.27;0;0;6591.73;0;12.08;0;7.26;2190.35;0;447.74;129.83;0;0;0;130.16;0;0;0;0;0;0;
0;0;93.26;0;0;0;0;0;0;0;0;0;0;0;0;0;0;0;0;0;52.35;0;0;0;0;0;0;0;0;0;0;0;0;0;0;
1;0;0;382.33;0;0;2353.54;13.25;0;0;0;0;0;2389.74;0;0;283.97;0;0;0;0;0;0;0;133.05;0;0;0;0;2091.26;0;0;0;0;0;
0;880.13;0;0;0;0;0;0;0;-179.46;0;0;0;0;0;0;0;0;0;0;2619.68;0;0;0;79.67;0;457.5;0;0;0;0;0;0;0;0;
2;0;0;73.02;8611.31;1325.79;1927.45;703.55;0;201.29;0;0;10781.14;6034.53;9.17;0;0;0;12.03;2779.16;222.89;0;270.88;1668.79;70.06;0;199.36;0;147.03;7460.59;3.31;0;0;0;0;
0;189.51;0;0;0;0;0;0;0;0;0;0;0;0;0;0;0;0;0;0;280.48;0;0;0;22.83;0;0;0;157.27;0;0;0;0;0;0;
5;2698.86;21974;2186.91;13322.13;0;80.18;2399.63;147.35;0;0;182.85;39095.21;0;14221.11;0;0;0;0;0;3103.02;2686.43;0;0;963.45;0;75.03;0;94.94;0;55;0;0;0;0;
0;178.15;0;0;0;0;0;45.98;0;0;0;0;0;0;0;0;0;0;0;0;139.4;0;0;0;0;0;0;0;0;0;90.83;0;0;0;0;
25;0;381.74;0;0;0;379.47;0;0;0;0;0;0;0;0;0;0;0;0;0;0;0;0;0;0;0;0;0;0;1282.4;0;0;0;0;0;
0;79.2;0;0;0;0;15.92;14.45;127.94;0;0;0;380.9;24.6;0;0;1186.17;0;35.39;0;6.66;0;0;0;2.77;0;46.2;0;11.41;0;0;0;0;0;0;
0;0;0;1036.83;56.54;0;0;0;0;0;0;0;0;0;0;0;1745.56;0;0;0;0;0;0;0;0;0;0;0;0;0;0;0;0;0;0;
0;0;529.94;0;284.74;0;0;0;0;0;0;0;184.38;0;245.93;0;0;0;0;0;0;0;0;0;0;0;0;0;0;0;0;0;0;0;0;
3;0;0;14495.97;2454.31;6954.38;0;50.54;0;227.51;0;0;1888.57;0;0;0;17645.09;0;27.1;1689.38;0;10767.34;359.02;9970.15;55.92;0;311.81;0;57.39;0;0;0;0;0;0;
8;5058.41;0;8.71;109.56;982.92;1308.7;79.92;0;0;0;0;166.29;0;0;0;0;0;0;23.67;3173.13;0;189.47;0;53.11;0;25.01;0;0;0;0;0;0;0;0;
0;254.81;3.2;0;81.79;0;86.38;389.02;0;0;0;0;23.11;0;0;0;0;0;0;0;44.68;-973.13;0;0;209.33;0;0;0;106.25;0;0;0;0;0;0;
0;19.84;0;10738.43;28.07;1949.03;0;517.57;0;28.66;0;0;0;33.16;0;0;8873.82;0;0;0;146.01;3528.35;0;0;88.69;0;201.18;0;177.02;0;0;0;0;0;0;
0;0;0;0;0;0;113.46;0;0;0;0;0;0;0;0;0;0;0;0;0;0;135.93;0;0;142.62;0;0;0;0;0;0;0;0;0;0;
5;946.33;0;1525.29;17950.76;5048.34;47451.75;165.64;10.47;95.15;0;0;9341.93;51930.61;0;4421.22;0;0;0;122;1482.74;760.8;0;6764.33;29.21;0;61;0;0;41250.48;0;0;0;0;0;
40;4868.48;0;365632.27;0;0;0;3964.93;0;1072.16;0;0;0;0;0;0;338860.51;0;0;0;0;175821.63;0;0;0;0;940.62;0;0;0;0;0;0;0;0;
0;0;0;0;0;0;85.11;0;0;0;0;0;0;0;0;0;0;0;0;747.58;21.13;0;0;0;2.17;0;0;0;0;0;94.55;0;0;0;0;
1;29.04;0;33.1;0;0;1052.14;5.32;0;0;0;0;0;93.38;0;0;43.09;0;0;0;16.99;0;0;0;0;0;0;0;0;0;0;0;0;0;0;
4;1214.69;61.43;1459.32;72.86;0;92253.89;2317.06;138.77;140.72;0;54.31;47.48;129475.9;0;0;138.95;0;204.8;1254.78;880.77;284.38;0;0;1488.77;178.28;184.34;0;20.51;1085.39;0;0;0;0;0;
3;0;0;0;361.24;0;0;0;0;-6.22;0;0;1412.74;0;0;0;0;0;0;0;0;0;0;0;0;0;18.3;0;0;0;0;0;0;0;0;
25;4007.12;0;1060.67;114.75;0;10113.66;191.34;2626.35;635.78;0;203.4;14.76;76.12;0;0;37.61;0;75.88;10436.78;1183.41;0;0;0;937.88;0;171.64;0;25.94;0;1462.69;0;0;0;0;
5;41867.99;110909.32;17.4;4937.38;748.3;3599.59;1351.1;0;7140.5;0;798.94;9572.89;523.23;113851.69;0;198.57;0;12.48;5527.87;65317.3;1668.42;1244.4;406.35;965.65;0;8774.35;0;26.69;0;208.62;0;0;0;0;
0;7346.51;42.75;175.96;489.8;0;40.59;128.15;128.56;-229.97;0;711.03;853.57;232.64;0;0;0;0;0;24.51;11135.03;246.39;0;0;713.38;0;-128.1;0;92.57;0;333.63;0;0;0;0;
5;13962.96;3595.26;0;81.52;0;1594.35;0;0;23.13;0;0;810.17;97.39;7949.32;0;0;0;0;598.53;12332.89;0;0;0;0;0;841.19;0;0;0;0;0;0;0;0;
0;69.48;0;0;0;0;119.07;0;4.26;0;0;0;0;0;0;0;0;0;9.08;75.91;13.19;0;0;0;0;0;0;0;0;0;0;0;0;0;0;
1;0;27.21;0;0;0;0;56.22;0;-26.84;0;0;0;0;0;0;0;0;0;0;562.35;0;2876.91;0;0;0;47.58;0;0;0;0;0;0;0;0;
8;44534.59;0;1585.43;0;0;477.68;1058.68;4144.12;2543.41;0;431.49;495.84;615.64;115.49;0;55.72;0;77.08;1182.25;29442.36;3842.33;1412.92;0;599.34;0;2341.7;0;148.44;0;175.2;0;0;0;0;
0;5906.73;169.56;12.2;597.04;0;3353.05;1775.46;628.14;425.71;0;1.46;33.86;48.98;4.97;0;11.97;0;552.34;1117.13;1116.01;0;0;0;916.29;0;26.23;0.63;131.03;0;1065.28;0;0;0;0;
0;0;0;0;0;0;1342.55;0;0;0;0;0;0;710.58;0;0;0;0;0;0;0;0;0;0;4.76;0;0;0;0;0;0;0;0;0;0;
1;1465.28;0;422.36;0;50.57;3293.98;174.09;101.83;33.63;0;49.51;0;2624.02;414.64;0;48.64;0;68.91;1452.04;587.88;0;0;0;66.97;257.22;1.83;0;2.78;0;38.6;0;0;0;0;
30;2807.51;0;465.19;1431.81;0;0;397.21;285.11;457.49;0;158.54;1286.71;73.18;0;0;0;0;18.56;0;2879.59;564.6;0;0;463.26;0;-264.74;0;45.41;0;158.88;0;0;0;0;
12;164094.24;2628.36;11925.48;172.92;0;0;0;0;32308.84;0;0;0;0;0;0;0;0;0;0;20191.96;6031.97;0;0;0;0;-1425.96;0;0;0;0;0;0;0;0;
21;0;0;49315.56;47742.94;0;3359.23;139.67;0;0;0;0;93088;155.95;0;0;0;0;345.71;433.47;0;73205.56;0;0;0;0;-1438.09;0;111.85;0;0;0;0;0;0;
0;372.74;0;143.89;168.77;0;0;56.06;242.24;0;0;405.36;0;0;0;0;0;0;15.36;0;1194.62;0;0;0;0;0;76.86;0;0;0;342.91;0;0;0;0;
2;2547.94;0;28.33;0;0;0;9.77;9.08;109.19;0;38.16;276.56;338.43;0;0;62.09;0;3.53;0;8902.88;0;0;0;174.36;0;367.22;0;60.27;0;0;0;0;0;0;
15;65803.49;0;16856.18;0;0;169.69;1306.42;1013.09;120.83;0;0;0;16.1;0;0;491.5;0;348.55;80.32;19073.2;9463.3;0;0;0;0;596.87;0;0;0;450.33;0;0;0;0;
3;7190.6;0;0;0;2237.04;27570.28;2694.58;402.89;1299.04;0;766.65;973.45;0;57.68;0;48.17;0;1873.59;24802.11;4357.88;0;0;0;516.79;0;635.4;0;47.32;0;2238.18;0;0;0;0;
14;2123.04;0;0;0;0;0;0;0;1158.63;0;0;0;0;0;0;0;0;5.44;0;145.97;0;0;0;60.77;0;0;0;0;0;0;0;0;0;0;
2050;2877.51;0;0;0;0;4914.16;422.36;4754.15;80.89;0;693.2;3346.48;8580.81;1127.28;0;3614.25;0;200.02;2480.06;4839.61;716.19;6557.5;7058.43;1637.29;0;42.6;0;23.61;5784.58;-1053.4;0;0;0;0;
1;977.22;130.48;0;395.86;0;250.87;9.53;81.5;221.43;0;0;0;37.21;0;0;0;0;0;0;186.12;0;0;0;0;0;0;0;0;0;0;0;0;0;0;
40;8964.9;153.24;9214.26;1102.69;0;261.48;1170.72;9239.59;195.79;0;1818.09;293.96;0;821.65;0;0;0;1300.02;3.7;6973.7;16074.51;0;0;258.2;0;839.77;0;108.95;0;18562.54;0;0;0;0;
30;41157.16;0;64.04;57.31;0;1150.86;258.67;134.17;332.81;0;0;30.3;153.65;930.54;0;337.16;0;188.97;10.68;21183.37;9.44;0;0;142.58;0;-1.93;0;0;0;47.62;0;0;0;0;
2;384.64;0;4100.1;0;0;35.42;1224.2;0;60.99;0;0;0;0;0;0;980.88;0;36.97;0;79.42;466.43;0;0;59.99;0;0;0;0;0;0;0;0;0;0;
1;112.29;686.61;2831.55;763.41;733.36;3839.73;493.1;48.98;0;0;452.07;44.63;1498.57;65.68;0;1491.74;0;167.87;859.64;1277.91;304.1;6680.04;240.61;66.09;0;0;0;86.63;160.8;279.38;0;0;0;0;
0;8.47;0;0;39.58;0;0;47.86;0;0;0;0;0;0;0;0;0;0;0;0;15.41;0;0;0;0;0;0;0;0;0;0;0;0;0;0;
1;0;0;0;0;1645.63;0;16.65;0;0;0;0;0;0;0;0;64.32;0;0;0;0;0;0;0;0;0;0;0;0;0;0;0;0;0;0;
2;3962.1;0;1748.98;1895.3;2980.16;46.06;1099.08;338.86;98.34;0;17.87;0;0;3.07;0;0;0;2.15;0;0;0;0;0;0;0;0;0;0;0;0;0;0;0;0;
1;0;0;0;0;0;1936.55;0;0;0;0;0;0;1173.23;0;0;0;0;0;0;0;0;0;0;13.33;0;0;0;0;0;0;0;0;0;0;
6;32130.6;2.11;605.61;337.56;0;5281.42;1226.35;3305.35;1861.77;0;1680.61;997.29;359.29;30.28;0;-12.32;0;147.53;1393.92;36005.63;3810.56;0;0;920.88;304.8;1175.31;0;311.91;0;2521.98;0;0;0;0;
0;66.06;0;0;0;0;20.59;0;0;0;0;0;0;0;0;0;0;0;117.14;0;392.52;16.69;0;0;284.13;0;24.4;0;13.41;0;0;0;0;0;0;
6;25441.93;24903.82;27430.6;38963.5;22416.55;18913.86;14208.57;2869.93;2093.96;0;6974.74;13313.56;6293.86;13581.45;0;13021.35;0;3321.67;317.51;29459.77;11138;26463.54;5241.44;10942;0;2411.66;0;1439.12;256.2;1624.71;0;0;0;0;
18;73339.55;0;106942.63;0;0;59586.49;61.93;2241.1;686.07;0;104.53;0;50862.23;0;0;42682.27;0;0;0;46102.28;12851.35;0;0;426;0;474.58;0;67.66;0;3182;0;0;0;0;
4;220.4;13948.73;0;45.74;0;0;8.83;0;152.49;0;0;0;0;25812.54;0;0;0;0;0;0;32.42;0;0;0;0;286.7;0;0;0;0;0;0;0;0;
1;961.12;0;81.25;70.68;0;66.25;936.01;172.77;92.04;0;109.8;66.32;0;0;0;10.91;0;426.6;0;0;1789.78;0;0;35.37;0;0;0;103.3;0;552.05;0;0;0;0;
1;0;0;0;43.32;0;1518.4;0;0;3.72;0;0;151.84;0;0;0;30.68;0;0;0;22.07;0;0;0;0;19.15;0;0;2.2;2800.91;0;0;0;0;0;
15;0;0;20514.55;0;0;802.65;505.93;0;0;0;0;0;237.35;0;0;4090.5;0;13.75;0;43.8;258.05;0;79.8;124.44;0;0;0;8.3;0;0;0;0;0;0;
7;73058.7;0;0;0;0;0;0;0;11756.11;0;0;0;0;0;0;0;0;0;0;49.97;0;0;0;0;0;0;0;0;0;0;0;0;0;0;
4;18866.24;0;352.73;79.16;2467.27;715.19;165.56;588.97;613.82;0;1115.23;0;0;0;0;0;0;348.54;1509.86;13007.77;759.93;550.32;0;276.29;0;53.29;0;14.07;0;868.3;0;0;0;0;
7;11457.45;13.88;983.89;3858.56;0;16415.61;3799.2;4798.18;594.36;0;195.88;4287.92;289.96;3.6;0;6.72;0;710.91;776.51;10290.52;757.74;0;0;1471.66;0;583.62;0;224.35;0;1663.26;0;0;0;0;
0;14.44;0;0;0;0;202.46;0;3.82;0;0;0;0;51.03;48.17;0;0;0;0;0;0;0;0;0;0;0;0;0;0;0;0;0;0;0;0;
1;0;0;0;0;0;536.04;0;0;0;0;0;206.29;0;3257.56;0;0;0;75.42;0;0;0;0;0;28.13;0;-78.08;0;0;0;0;0;0;0;0;
3;1289.86;6781.26;0;0;0;0;385.68;0;36.6;0;0;81.03;0;4719.53;0;0;0;0;0;2297.53;0;0;0;6.1;0;117.12;0;0;0;0;0;0;0;0;
0;1859.94;0;0;333.53;0;0;0;0;142.13;0;0;0;0;0;0;0;0;0;0;2926.5;0;0;0;0;0;577.67;0;0;0;0;0;0;0;0;
0;0;0;88.75;0;0;80.24;261.84;0;0;0;2.93;1056.59;142.91;17.52;0;338.62;0;10.88;0;7.14;511.23;0;145.38;190.05;1065.21;0;0;103.31;8.66;0;0;0;0;0;
9;205097.01;3188.8;125.37;336.08;0;1027.47;1731.9;5765.6;11511.06;0;5464.54;1003.84;0;8158.25;0;51.79;0;205.18;2016.33;295856.77;35.87;0;0;72.14;0;16186.48;0;152.44;0;1474.68;0;0;0;0;
0;0;0;0;0;0;687.97;0;0;0;0;0;0;1140.29;0;0;0;0;0;0;0;0;0;0;0;0;0;0;0;0;0;0;0;0;0;
5;92430.99;0;0;0;1581.37;88.2;154.41;832.19;13270.25;0;23.36;9.88;170.8;0;0;925.25;0;14.86;72.29;44465.55;0;4563.11;0;399.2;0;624.92;0;0;0;0;0;0;0;0;
1;43.64;0;0;0;0;3956.4;15.1;0;0.34;0;97.22;0;691.57;0;0;0;0;0;0;35.45;0;0;0;55.05;0;-109.14;0;0;0;0;0;0;0;0;
1;457.57;216.42;11012.27;24686.78;44410.34;854.75;2108.79;0;365.38;0;1.62;14640.32;940.62;179.73;0;8586.73;0;1692.25;121.33;209.86;3059.93;24698.05;12002.93;330.73;0;56.11;0;130.67;0;0;0;0;0;0;
0;2082.2;0;0;0;0;0;0;0;229.36;0;0;0;0;0;0;0;0;0;0;122.68;0;0;0;0;0;0;0;0;0;0;0;0;0;0;
0;304.76;0;180.61;98.82;0;19.18;118.54;289.98;0;0;10.03;68.44;0;0;0;0;0;0;0;610.26;0;0;0;0;0;0;0;6.25;0;37.66;0;0;0;0;
1;1251.5;16.32;234.09;0;0;85.07;362.82;1237.12;0;0;1628.71;0;0;0;0;0;0;0;0;1403.23;0;0;0;58.88;0;0;0;0;0;858.98;0;0;0;0;
1;1123.89;0;68.62;21.29;0;12135.45;369.73;5.82;0;0;0;0;18084.08;0;0;110.11;0;197.4;349.8;332.69;0;0;0;612.71;0;0;0;0;0;0;0;0;0;0;
2;205.86;0;0;0;0;0;402.59;11289.25;39.03;0;6163.45;0;0;0;0;0;0;0;85.4;1010.68;0;0;0;435.49;0;0;0;0;18.54;8646.58;0;0;0;0;
6;335.74;0;0;0;0;6112.88;1167.66;0;0;0;0;0;8114.18;0;0;0;0;68.81;0;0;22.03;0;0;428.55;0;0;0;11.72;357.02;0;0;0;0;0;
1;288.14;0;-35.26;60.28;0;2296.55;4.77;0;0;0;173.17;0;1615.61;0;0;7154.1;0;146.22;0;14568.02;4729.83;0;0;1962.21;0;-153.21;0;222.77;0;55.51;0;0;0;0;
6;1120.25;25793.15;5584.27;1246.08;0;515.48;325.26;0;128.09;0;0;14117.52;0;22232.33;0;170.02;0;116.66;0;50.51;18812.72;0;186.39;608.77;0;305;0;204.01;0;0;0;0;0;0;
11;67354.92;0;2819.07;474.72;0;1735.49;400.01;658.52;9203.34;0;115.84;217.83;351.52;27.43;0;126.17;0;113.7;1484.22;57593.42;3936.6;127.76;0;1729.03;419.08;820.3;0;90.74;0;1025.21;0;0;0;0;
0;0;248.64;0;0;0;0;0;0;0;0;0;2244.31;0;0;0;0;0;0;0;0;0;0;0;0;0;0;0;0;0;0;0;0;0;0;
0;0;0;22.95;3.05;0;0;0;0;0;0;0;349.7;0;0;0;118.83;0;0;0;0;264.22;0;0;0;0;0;0;0;0;0;0;0;0;0;
0;0;0;0;23.21;0;0;0;0;0;0;0;602.23;0;0;0;26.39;0;0;0;0;0;0;0;0;0;0;0;0;0;0;0;0;0;0;
0;0;1828.41;3318.71;20308.79;0;0;0;0;200.92;0;0;10666.45;0;33.28;0;0;0;0;0;0;0;0;0;0;0;27.65;0;0;0;0;0;0;0;0;
0;0;0;2285.23;7967.02;21059.7;1866.59;107.05;0;0;0;0;8662.79;0;0;0;575.86;0;73.93;4318.8;0;117.49;15587.94;2772.4;8.05;0;0;0;245.92;0;0;0;0;0;0;
0;395.84;10286.83;4879.62;11023.26;3980.88;164.84;53.34;0;26.83;0;0;11376.6;0;5197.58;0;3636.09;0;0;531.03;516.54;3100.7;13851.92;0;402.6;0;41.48;0;237.07;0;0;0;0;0;0;
0;0;0;2748.08;111.97;279.7;0;39.81;0;0;0;0;285.59;0;247.9;0;1223.04;0;0;0;0;511.05;0;117.12;0;0;15.13;0;62.71;0;0;0;0;0;0;
0;0;0;4254.68;8540.17;108756.98;3613;605.08;0;0;0;0;7369.03;0;203.96;0;3850.7;0;83.31;0;135.33;1728.48;67554.35;4979.77;0;0;0;0;149.69;0;0;0;0;0;0;
0;0;1203.2;362.34;474.97;0;0;20.09;0;0;0;0;446.79;0;0;0;0;0;0;0;0;0;0;0;0;0;1.1;0;0;0;0;0;0;0;0;
0;303.3;368.34;675.49;607.81;0;0;96.83;0;0;0;0;717.19;0;1514.02;0;401.64;0;111.25;0;1208.06;131.39;0;0;0;0;0;0;103.16;0;0;0;0;0;0;
0;0;0;406.92;1816.47;112.38;131.88;0;0;0;0;0;341.86;0;0;0;12.71;0;0;0;0;117.79;0;0;0;0;0;0;0;0;0;0;0;0;0;
0;0;0;370.7;0;0;0;0;0;0;0;0;1064.68;0;0;0;0;0;0;0;0;0;420.9;0;0;0;0;0;0;0;0;0;0;0;0;
15;0;1.1;1026.25;90.86;0;0;40.8;10.16;0;0;0;0;0;0;0;4457.89;0;0;0;0;0;0;0;0;0;0;0;0;0;0;0;0;0;0;
5;0;0;0;2587.72;0;0;2.54;0;0;0;0;2998.93;0;0;0;0;0;0;0;0;0;0;193.32;0;0;0;0;0;0;0;0;0;0;0;
2;0;2676.11;4.74;213.16;0;67.41;511.63;402.31;168.6;0;0;2016.59;588.14;12152.9;0;0;0;534.67;0;89.88;300.12;0;0;285.81;0;128.71;0;55.78;0;45.75;0;0;0;0;
1;18.74;0;155.18;0;0;570.07;0;0;0;0;0;0;1364.2;0;0;0;0;0;0;0;0;0;0;0;0;0;0;0;0;0;0;0;0;0;
0;48110.14;3182.87;0;65940.02;10.78;3958.53;173.58;92.49;1029.6;0;38.64;15.54;12.69;168.43;0;0;0;20.08;15863.82;34723.43;726.94;0;0;67.23;942.45;451.64;0;0;0;0;0;0;0;0;
1;67.7;0;0;0;1294.36;2068.67;238.87;0;173.24;0;0;384.62;0;0;0;0;0;46.8;0;0;0;0;71.35;7.82;0;0;44.94;7258.57;0;0;0;0;0;0;
8;2929.15;5803.84;236.08;7.17;0;126.94;73.99;226.28;19.51;0;68.8;129.92;0;3595.21;0;0;0;0;22.13;1632.87;0;0;0;0;0;0;0;0;0;44.8;0;0;0;0;
1;0;0;0;0;0;150.79;40.82;0;0;0;0;190.58;0;432.53;0;0;0;0;0;1907.74;51.31;222.41;0;11.37;0;0;0;0;0;0;0;0;0;0;
3;0;0;0;136.56;67.88;0;208.51;0;17.11;0;0;304.8;0;0;0;0;0;27.13;0;6.86;0;5535.88;53.88;3209.99;0;3030.96;4.88;983.23;0;0;0;0;0;0;
1;0;0;0;265.38;0;0;42.83;0;0;0;0;42.66;0;136.3;45.1;0;0;0;0;0;0;0;0;0;0;0;0;111.18;0;0;0;0;0;0;
1;0;0;0;0;0;206.47;42.81;0;-32.51;0;0;0;0;0;0;0;0;0;0;0;0;0;0;0;0;0;0;42.37;0;0;0;0;0;0;
0;129.33;0;3095.6;789;0;0;343.06;0;18.3;0;0;0;57.22;0;0;118.45;0;0;460.34;751.39;42.37;0;0;33.78;0;0;0;0.94;0;48.8;0;0;0;0;
1;0;0;0;38.96;0;0;30.61;0;0;0;0;310.43;0;0;20.63;0;0;12.32;0;0;0;0;0;62.57;0;7.47;0;6.25;0;0;0;0;0;0;
5;52308.25;28922.9;158.44;5316.82;335.18;4239.28;854.27;1221.54;1006.48;0;883.44;2510.94;1563.23;16742.57;0;104.14;0;88.54;502.52;78859.49;229.7;69.36;0;10.69;0;-897.91;0;116.12;0;123.74;0;0;0;0;
1;0;0;0;0;0;0;70.73;14.77;66.42;0;0;0;0;0;0;0;0;0;0;0;0;0;0;83.95;0;0;12.2;73.74;9.7;0;0;0;0;0;
1;0;0;0;94.89;0;0;191.96;0;0;0;0;267.56;12.43;0;10.31;0;0;150.16;0;0;0;0;0;43.92;0;80.62;27.24;0;418.92;0;0;0;0;0;
0;0;0;1191.25;115.28;0;0;0;0;51.73;0;0;0;0;0;0;0;0;0;0;65.62;69.43;0;0;0;0;0;0;0;0;0;0;0;0;0;
0;0;0;0;0;0;0;94.67;0;0;0;0;25.08;0;0;0;17.18;0;36.84;0;0;0;0;0;63.95;0;0;11.61;109.28;0;0;0;0;0;0;
1;14.63;0;30.45;1552.91;4900.54;2989.89;4692.61;0;180.9;0;0;4928.25;0;0;12;0;0;1189.94;0;11.83;129.3;10290.27;278.79;273.83;0;121.29;78.59;2478.28;0;0;0;0;0;0;
1;14367.4;8934.65;175.98;1782.3;0;0;182.79;193.5;751.27;0;0;830.34;14.4;7911.7;0;16.09;0;0;284.5;6324.43;0;0;0;7.54;247.1;285.86;0;40.92;0;0;0;0;0;0;
1;0;0;0;0;0;100.07;0;0;0;0;0;0;0;0;0;0;0;0;105.53;685.73;0;0;0;0;0;0;0;0;0;0;0;0;0;0;
1;0;0;15.25;0;0;0;0;0;0;0;0;0;0;2.78;0;14.48;0;0;835.43;0;0;0;0;50.4;0;0;0;26.25;0;0;0;0;0;0;
1;0;0;0;0;0;0;31.73;0;0;0;0;123.16;0;0;0;0;0;0;0;0;0;0;0;7.59;0;6.22;75.49;99.55;0;0;0;0;0;0;
1;634.01;0;1046.52;1190.87;0;4.83;4542.87;43.35;35.59;0;0;761.55;0;0;12.35;494.98;0;569.35;0;359.8;0;0;0;3154.1;0;578.82;1119.48;3225.77;420.46;0;0;0;0;0;
1;0;0;0;0;0;0;70.15;0;0;0;0;35.38;0;0;0;0;0;0;0;0;0;0;0;0;0;0;0;0;107.36;0;0;0;0;0;
2;55.34;0;0;4031.34;162.33;0;3278.12;0;298.98;0;0;9756.88;0;0;0;0;0;1082.25;0;0;0;79.82;404.7;1189.6;0;2047.44;180.32;5571.67;0;0;0;0;0;0;
1;6.42;0;0;3.96;0;72.04;37.58;0;0;0;0;143.24;83.06;0;0;0;0;30.6;0;169.46;0;0;0;36.1;97.6;55.95;3.54;18.09;0;5.03;0;0;0;0;
1;16.31;0;0;32.5;0;1360.75;40.18;29.11;0;0;25.18;0;0;0;724.66;0;0;19.07;4.38;-16.84;0;0;0;21.14;0;12.44;8.6;17.71;1662.8;0;0;0;0;0;
1;0;0;0;0;0;0;0;0;117.83;0;0;382.48;0;0;0;0;0;0;0;217.77;0;0;0;0;0;0;0;16.36;0;0;0;0;0;0;
1;161.62;0;0;1.32;0;588.12;196.36;0;0;0;0;0;0;0;0;0;0;305.93;0;104.86;0;0;0;120.48;0;0;0;79.59;0;0;0;0;0;0;
1;0;0;76.59;359.32;3198.85;0;298.43;48.31;0;0;0;84.84;0;0;0;0;0;0;0;0;0;0;0;16.81;0;0;0;0;0;0;0;0;0;0;
3;23.64;473.85;457.87;1319.39;0;27.01;678.12;11.21;0;0;0;1973.5;0;140.91;0;66.58;0;246.79;0;0;-86.39;0;67.36;765.04;0;0;4.88;562.49;0;0;0;0;0;0;
2;0;0;420.62;13560.92;23018.27;0;4415.06;0;1063.27;0;0;8817.66;0;0;1.53;0;0;696.85;0;0;162.33;9456.1;30.49;542.56;0;592.29;299.68;2256.91;0;0;0;0;0;0;
1;30.68;0;39.93;0;697.68;131.48;11.26;0;0;0;20.78;126.51;14.18;0;17.02;75.24;0;34.87;0;0;0;0;0;0;0;0;15.98;25.85;118.46;0;0;0;0;0;
2;0;0;0;2805.4;0;0;1193.66;0;70.25;0;0;4323.85;0;0;0;0;0;0;0;0;0;0;0;0;0;145.72;0;0;0;0;0;0;0;0;
1;0;0;0;30.71;0;0;399;0;1.94;0;0;241.4;0;0;2.27;90.79;0;0;0;0;1027.73;0;0;0;0;0;0;69.08;2.2;0;0;0;0;0;
1;98.94;0;451.15;51.28;0;79.75;112.9;34.18;0;0;0;208.13;0;0;0;218.9;0;0;0;44.51;165.29;0;0;144.95;0;0;3.42;23.2;0;19.08;0;0;0;0;
0;90.9;0;0;0;0;181.44;97.87;93.69;0;0;328.55;0;0;0;14.34;315.17;0;62.83;0;1303.11;0;0;0;0;0;0;0;0;11.42;30.5;0;0;0;0;
1;0;0;0;0;0;0;762.16;0;1916.62;0;0;0;0;0;0;103.86;0;6.64;0;0;0;0;0;23.72;0;2246.02;218.22;624.09;0;0;0;0;0;0;
4;974.58;11018.18;1530.35;36843.35;1470.82;0;154.26;111.51;27.42;0;43.29;11583.84;23.67;30852.81;2033.7;0;0;0;638.96;1306.5;1167.16;732.92;0;130.91;210.45;140.3;0;195.92;104.05;0;0;0;0;0;
2;934.93;631.58;1671.71;162.64;7348.61;110.84;0;77.1;0;0;9.81;1794.91;84.05;516.67;0;1218.02;0;0;2843.82;2914.18;1743.78;2936.3;0;0;0;25.62;0;0;0;0;0;0;0;0;
15;217.22;0;183.86;458.67;0;2792.26;791.41;0;0;0;17.93;55.99;34.82;0;2465.4;20.01;0;139.8;0;36.55;558.06;0;0;147.14;0;0;44.19;273.82;1212.44;160.13;0;0;0;0;
1;269.99;45.75;0;0;0;802.37;317.05;0;0;0;0;1541.57;0;195;0;0;0;58.84;1599.42;157.04;0;0;0;68.25;0;15.56;39.04;332.38;0;0;0;0;0;0;
3;16662.35;25.65;1646.63;325.77;0;1930.11;50.93;606.97;231.79;0;1706.54;458.93;0;0;0;0;0;99.3;1539.32;11339.42;0;0;0;58.52;0;45.77;0;36.23;3.04;177.35;0;0;0;0;
0;7.2;0;0;194.03;0;0;63.67;0;0;0;0;0;0;0;0;0;0;24.96;0;14.4;0;52.78;0;19.4;0;0;0;0;0;0;0;0;0;0;
1;0;0;0;235.96;0;102.96;32.36;0;0;0;0;754.39;0;0;0;1225.93;0;81.87;0;0;269.32;119.1;50.5;26.02;0;362.11;90.04;315.03;0;0;0;0;0;0;
2;0;85.63;29.74;7968.85;9377.59;773.93;5099.24;0;2567.15;0;0;14143.17;0;0;0;18.64;0;890.51;0;0;0;5775.74;1109.31;1935.41;0;1290.22;58.08;3709.19;0;0;0;0;0;0;
0;679.01;0;22.2;0;0;472.38;0;1207.07;0;0;0;0;0;0;0;0;0;0;0;752.5;0;0;0;0;0;7.32;0;0;0;0;0;0;0;0;
1;425.74;0;0;0;0;4.8;257.32;18.24;0;0;0;48.78;0;0;0;0;0;0;0;374.61;0;0;0;96.58;0;0;0;17.13;152.5;0;0;0;0;0;
8;4470.77;1036.31;1525.02;1181.23;392.66;61562.87;3240.29;3481.49;71.96;0;2849.9;512.72;492.53;4374.25;41401.41;1499.79;0;53.66;0;2024.29;6517.09;0;74.71;341.58;0;0;0;285.46;23868.84;3049.98;0;0;0;0;
2;967.94;46890.68;3571.53;8338.78;425.27;979.21;1098.05;0;341.56;0;0;13073.17;0;28601.39;597.74;0;0;76.53;0;284.38;2800.9;602.22;0;18.59;0;284.26;0;282.19;0;0;0;0;0;0;
4;1664.36;0;1397.31;92.29;0;3404.82;113.91;10.92;39.04;0;78.49;0;1040.38;4.53;0;788.45;0;-272.98;531.96;3617.64;3756.28;1659.6;0;15.51;0;0;0;0;1.42;15.75;0;0;0;0;
1;259.9;0;76.91;0;0;3252.66;0;16.81;35.38;0;44.65;568.91;4945.65;0;0;18.25;0;11.53;0;284.75;0;0;0;11.93;0;15.86;0;41.05;91.7;0;0;0;0;0;
1;10.62;37.72;0;634.74;61.63;0;1142.91;0;116.97;0;112.36;1693.16;2.26;255.22;25.72;5.98;0;160.55;0;137.51;0;1544.98;0;229.71;0;268.1;25.01;437.85;2.88;-19.08;0;0;0;0;
3;14.28;8.31;3002.05;6395.84;977.8;50.33;2701.95;0;1708.16;0;0;18452.68;0;67.34;0;692.92;0;82.81;368.04;23.95;102.57;13027.77;12479.44;2759.55;0;6903.96;32.77;2366.14;40.78;0;0;0;0;0;
9;2493.11;1491.92;3915.28;788.54;0;78164.57;1201.92;3478.71;124.11;0;597.82;254.72;92.34;680.99;23235.89;108.24;0;232.95;53.44;627.41;0;102;0;206.88;0;0;1.76;384.29;7844.48;937.58;0;0;0;0;
1;0;0;0;0;0;1182.2;0;0;15.86;0;0;0;0;0;12859.84;0;0;0;0;0;0;0;0;0;0;116.79;0;0;287.69;0;0;0;0;0;
2;0;0;0;0;0;7573.43;34.59;0;18.29;0;0;0;0;0;1798.13;0;0;6.59;0;0;0;0;0;0;0;0;0;10.72;360.96;0;0;0;0;0;
1;0;0;0;0;0;10.37;2.8;0;0;0;0;0;0;0;0;0;0;0;0;0;0;0;0;0;0;0;0;126.04;0;0;0;0;0;0;
1;0;0;166.7;182.55;0;13.56;228.72;0;0;0;0;0;309;0;17.84;0;0;22.97;0;0;0;0;0;39.88;0;0;0;152.24;0;0;0;0;0;0;
0;0;98.18;0;82.11;0;0;3.88;0;0;0;0;0;215.73;44.31;0;75.37;0;0;0;0;0;0;0;0;0;0;0;12.05;0;0;0;0;0;0;
4;532.01;7396.71;4367.25;10841.56;36499.98;42.65;1857.86;0;359.32;0;122.9;34224.79;0;6553.78;58.43;7371.79;0;100.59;58.5;1185.32;6122.16;9407.7;3287.28;263.08;0;1326.05;285.37;1410.42;0;0;0;0;0;0;
1;0;0;0;0;3871.53;9334.82;249.79;0;36.59;0;0;807.82;0;0;0;0;0;0;16.24;0;0;179.95;378.98;27.5;0;29.38;0;792.3;0;0;0;0;0;0;
15;78727.29;202.84;65001.63;22962.62;60226.38;8334.19;4231.37;112.15;1387.06;0;3602.4;44019.11;0;638.87;3509.26;110215.39;0;1784.47;-239.4;85041.06;30708.33;142300.07;37203.89;623.36;0;784.9;0;4515.81;0;20.7;0;0;0;0;
2;129.84;8.73;52.12;1999.26;125.56;2534.67;33.6;0;0;0;0;644;30.85;0;0;0;0;0;0;37.31;0;2412.82;1191.81;52.7;0;0;0;6.12;0;0;0;0;0;0;
18;894.12;758.38;28.4;2164.92;0;0;1226.76;34.17;7.05;0;5.97;4712.32;0;456.78;0;8.93;0;411.96;0;1334.61;0;0;0;492.77;0;214.72;0;818.34;0;0;0;0;0;0;
1;11144.85;0;746.4;0;0;5.41;27.45;0;222.03;0;0;11.42;0;265.72;0;0;0;4.98;0;16873.59;246.83;0;0;25.79;0;302.71;2.73;62.05;0;0;0;0;0;0;
5;281.07;0;18721.27;3271.11;3363.49;18444.82;2367.01;5.92;179.4;0;0;3054.94;17895.06;0;0;14426.82;0;129.76;0;574.94;6410.54;850.5;4304.49;1620.94;0;3.86;12.05;1235.38;357.08;0;0;0;0;0;
1;0;0;0;0;0;699.9;0;6.82;0;0;0;0;421.51;0;0;0;0;0;0;0;0;0;0;0;0;0;0;0;0;0;0;0;0;0;
1;2344.03;983.04;52.8;720.03;438.7;0;797.31;142.14;49.31;0;0;688.37;0;5137.36;0;0;0;38.63;0;1132.68;0;319.4;0;79.15;0;20.74;0;132.27;0;40.11;0;0;0;0;
3;0;0;573.2;15615.59;0;4020.15;0;0;18.28;0;0;10479.48;0;0;0;0;0;0;0;0;0;0;773.33;0;0;74.4;0;0;0;0;0;0;0;0;
1;8171.29;520.83;65478.77;2861.96;244837.43;97151.9;11151.7;148.06;5153;0;15.09;3751.07;56919.78;277.05;47407.42;92.34;0;2682.41;0;37510.18;70603.68;230642.84;93371.53;1834.34;369.21;5523.86;116.66;9083.53;2420.25;0;0;0;0;0;
6;0;0;151.91;67761.14;3982.44;0;6342.22;0;1210.64;0;0;73595.48;1013.41;156.62;17.87;0;0;92.84;1226.1;0;0;0;6501.01;67.06;0;859.48;733.77;1137.05;1190.72;0;0;0;0;0;
1;0;0;0;0;0;0;73.73;0;0;0;0;0;0;0;0;0;0;0;0;0;0;215.77;0;0;0;0;0;82.35;0;0;0;0;0;0;
1;0;0;0;1367.52;1171.66;20.91;1344.17;11.26;0;0;0;2798.75;0;0;0;0;0;235.73;0;0;0;4018.81;0;244.88;0;21.97;258.2;645.99;0;45.75;0;0;0;0;
1;314.28;91.31;485.91;1643.47;0;1289.48;409.02;10.08;90.84;0;7.05;1741.34;15.86;970.9;47.69;0;0;300.84;34.98;751.25;35.14;0;0;219.12;0;6.05;0;100.26;19.59;0;0;0;0;0;
1;30.8;0;332.68;1571.63;575.71;31.08;2733.19;51.47;122.22;0;0;3907.01;0;0;0;42.35;0;156.76;-0.01;26.67;629.47;0;401.87;497.38;0;45.57;249.72;952.64;0;0;0;0;0;0;
1;0;0;0;1032.58;48.61;0;0;0;0;0;0;3987.25;0;0;0;0;0;186.22;0;0;0;0;0;4.68;0;32.55;8.78;108.6;0;0;0;0;0;0;
1;7.88;0;30.5;112.6;0;424.07;234.84;0;0;0;0;0;196.14;0;0;0;0;2.35;0;0;0;0;0;52.09;0;0;17.96;38.3;0;0;0;0;0;0;
1;0;0;196.67;0;0;19680.88;27.35;0;-464.96;0;0;0;25985.76;0;8.17;23;0;0;0;109.67;0;782.65;0;64.26;0;-391.47;0;0;1062.35;0;0;0;0;0;
0;310.32;0;0;0;0;0;0;0;35.38;0;0;0;0;289.87;0;0;0;0;0;79.75;0;0;0;0;0;0;0;0;0;0;0;0;0;0;
7;117.33;411.93;0;0;0;0;568.84;14981.37;50.65;0;8301.87;71.68;0;615.27;0;0;0;153.68;11579.86;221.94;0;800.32;0;152.95;0;354.58;0;0;0;9313.63;0;0;0;0;
0;0;0;0;0;0;197.86;0;0;0;0;0;0;517.3;0;0;0;0;234.83;1620.71;125.2;0;0;0;38.25;0;18.3;0;0;0;0;0;0;0;0;
0;246.43;23.36;0;29.77;0;0;11.56;0;73.2;0;0;0;0;0;0;0;0;14.26;0;1059.68;0;0;0;0;0;-70.46;0;0;0;17.17;0;0;0;0;
0;78.91;0;0;30.42;0;0;67.74;274.82;0;0;0;0;7.87;0;0;0;0;8.56;0;0;0;0;0;80.25;0;0;0;0;0;0;0;0;0;0;
0;773.64;0;0;0;0;0;0;0;0;0;0;276.11;0;0;0;0;0;0;0;138.75;0;0;0;0;0;108.58;0;0;0;0;0;0;0;0;
0;0;0;0;63.93;903.2;12.44;73.16;0;0;0;0;550.32;0;0;0;0;0;0;0;0;0;0;1796.11;0;0;0;0;0;0;0;0;0;0;0;
0;150.82;0;11.84;123.88;0;123.82;10437.84;0;390.27;0;0;7.53;0;0;0;9.47;0;8.41;5.78;452.61;0;0;0;60.24;0;28.06;0;9659.75;0;33.6;0;0;0;0;
3;0;0;667.79;9152.11;59152;0;0;0;0;0;0;9793.95;41.77;0;0;66.93;0;0;0;101.57;1229.76;60508.57;8656.33;160.55;0;16.86;20.13;275.05;0;10.92;0;0;0;0;
1;7305.66;0;0;0;0;0;0;2382.88;123.21;0;6702.96;0;0;0;0;0;0;0;0;0;0;0;0;0;0;233.02;0;0;0;807.63;0;0;0;0;
0;0;0;0;0;0;2274.64;0;0;0;0;0;0;1095.97;0;0;0;0;0;0;0;0;0;0;0;0;0;0;0;0;0;0;0;0;0;
0;0;0;5.06;64.9;0;0;15.52;0;0;0;0;630.3;0;0;0;10.75;0;83.59;0;0;0;0;0;41.48;0;61;68.27;0;0;0;0;0;0;0;
0;0;0;0;54.9;0;1232.36;0;0;48.8;0;0;975.02;0;0;0;0;0;0;0;0;0;0;0;0;0;0;0;0;0;0;0;0;0;0;
1;809.54;1716.2;506.11;1966.23;23951.6;1103.66;401.85;0;-30.48;0;32.84;1153.4;116.92;422.8;0;450.67;0;3.53;0;1329.29;300.96;8111.13;2754.99;358.84;0;115.66;188.27;194.22;0;0;0;0;0;0;
5;96571.82;0;0;173.67;0;933.72;2127.6;0;-1074.11;0;0;858.54;580.95;0;0;0;0;0;0;73044.47;0;0;648.14;0;0;1363.96;0;105.77;0;56.74;0;0;0;0;
1;0;0;0;0;0;184.06;0;0;0;0;0;0;0;0;555.16;0;0;0;0;0;0;0;0;0;0;0;0;4.25;98.73;0;0;0;0;0;
9;455.57;25.96;467.93;68165.82;42844.18;339.71;1906.94;0;173.29;0;4.34;23029.7;0;0;0;190.39;0;450.07;0;426.45;0;41714.18;6892.61;384.28;0;428.35;0;461.05;0;0;0;0;0;0;
8;0;14546.56;138.32;23698.46;39.88;41.7;764.49;0;142.72;0;19.3;28204.77;0;30721.28;0;0;0;0;48.8;77.25;0;778.15;0;124.73;0;210.12;0;160.64;0;5.31;0;0;0;0;
15;0;0;0;2584.53;0;0;17285.28;0;35.49;0;0;1023.07;0;0;0;0;0;0;0;0;0;0;0;122.73;0;163.09;2181.97;12553.47;0;0;0;0;0;0;
0;0;0;0;0;17.93;0;0;0;0;0;0;0;0;0;0;0;0;0;0;0;0;0;244;0;0;0;0;0;0;0;0;0;0;0;
0;0;37.33;0;0;0;27.24;0;0;0;0;0;13.81;0;94.59;0;0;0;0;0;26.43;0;0;0;0;0;0;0;0;0;0;0;0;0;0;
0;369.2;0;0;0;0;133.01;0;0;43.92;0;6.54;0;0;0;0;0;0;0;0;0;0;0;0;0;0;0;0;1.4;12.05;0;0;0;0;0;
0;0;0;0;0;0;0;329.33;0;0;0;0;0;0;0;0;0;0;0;0;0;0;0;0;0;0;0;0;36.75;0;0;0;0;0;0;
12;310.05;69072.27;4214.38;43602.5;707.05;0;270.23;170.08;1594.14;0;1.33;29923.67;0;38406.17;0;48.5;0;25.4;0;369.06;5709.01;2032.91;50.81;0;473.35;551.01;0;0;0;409.01;0;0;0;0;
0;0;111.36;0;59.11;0;0;0;0;0;0;0;1819.37;0;0;0;0;0;0;0;0;0;0;0;0;0;0;0;0;0;0;0;0;0;0;
0;0;0;26.29;155.32;0;0;7.96;0;0;0;12.3;17.67;28.45;56.64;0;0;0;0;0;21.29;0;0;0;4.15;0;0;0;16.54;0;90.18;0;0;0;0;
0;7.64;0.41;0;0;0;0;22.82;80.82;30.88;0;184.67;0;0;538.14;0;0;0;13.52;0;104.26;9.17;0;0;72.98;0;0;0;201.82;0;40.87;0;0;0;0;
0;0;0;0;0;0;24.69;22.19;0;0;0;0;23.57;0;0;0;0;0;0;0;124.45;0;0;0;0;0;0;0;32.71;0;0;0;0;0;0;
0;0;0;0;0;0;0;15.66;0;0;0;24.88;0;0;0;0;0;0;0;0;0;0;0;0;0;0;0;0;114.88;0;0;0;0;0;0;
0;0;0;534.86;3029.42;0;0;140.98;0;0;0;0;2430.17;0;14.18;0;226.83;0;0;0;138.2;0;0;140.45;0;0;0;0;0;0;0;0;0;0;0;
1;2029.9;13479.06;143.99;1059.54;525.19;82.12;302.73;814.13;0;0;336.72;4197.75;0;25446;10.59;254.91;0;47.3;0;12322.71;87.69;0;0;65.05;0;-178.16;0;171.85;0;303.32;0;0;0;0;
0;31.5;0;0;0;0;0;0;0;0;0;0;0;0;0;0;0;0;0;0;14.3;0;0;0;0;0;0;0;0;0;0;0;0;0;0;
1;52.99;37.74;9777.85;2380.34;49973.4;16.45;547.05;0;0;0;0;2849.42;57.06;21.96;15.96;2075.9;0;216.48;0;54.09;35.86;18891.29;2907.24;131.69;0;0;324.62;659.24;0;0;0;0;0;0;
0;0;0;0;82.69;0;37.42;592.02;167.35;0;0;0;0;0;0;0;0;0;34.55;0;0;0;0;0;47.86;0;0;155.27;154.68;0;0;0;0;0;0;
1;334.58;214.63;347.03;276.23;7709.19;0;43.98;377.4;0;0;34.53;590.64;36.66;41.05;0;102.42;0;47.3;0;14.27;1201.8;7068.5;0;0;0;0;0;112.95;0;80.17;0;0;0;0;
0;10.45;123;0;0;0;0;0;0;0;0;23.91;0;0;253.59;0;0;0;0;0;0;0;0;0;0;0;0;0;0;0;0;0;0;0;0;
0;499.56;0;94.24;0;0;0;0;78.08;0;0;67.15;0;0;0;0;426.02;0;19.86;0;285.96;102.92;0;0;0;0;64.66;0;0;0;0;0;0;0;0;
0;0;0;0;0;42.74;0;441.4;0;0;0;0;0;0;0;0;0;0;13.52;0;0;0;0;0;110.35;0;0;0;28.02;0;0;0;0;0;0;
7;17600.06;221.01;4923.15;186.01;0;40.04;1352.48;14.51;0;0;106.53;316.24;0;0;0;0;0;552.94;0;16175.11;5980.66;0;0;974.98;0;0;0;52.25;6.44;0;0;0;0;0;
0;0;0;0;0;0;0;0;7.66;0;0;0;0;0;0;0;0;0;0;0;695.89;0;0;0;0;0;0;0;0;0;0;0;0;0;0;
18;694.41;6765.94;37235.11;27595.2;81117.67;46985.05;9810.87;190.36;414.03;0;0;71148.78;64574.51;5835.28;17.35;40980.69;0;2992.46;3498.66;108.6;12175.23;169743.05;17347.45;8134.87;0;1606.56;449.24;9023.43;0;0;0;0;0;0;
1;0;0;0;0;50.82;0;0;0;0;0;0;0;0;8.49;0;0;0;0;0;0;0;443.73;250.72;4.67;0;199.32;0;0;0;0;0;0;0;0;
0;0;0;72.38;1184.82;92.49;0;416.87;0;0;0;0;1196.01;0;0;0;0;0;92.02;0;0;0;0;0;348.25;0;4.34;134.05;2345.54;0;0;0;0;0;0;
0;0;0;0;0;0;0;1460.46;0;0;0;0;0;0;0;0;0;0;1513.48;0;0;0;0;0;672.68;0;0;0;248.15;0;0;0;0;0;0;
0;0;0;0;0;0;0;308.81;0;0;0;0;0;0;0;0;0;0;0;0;0;0;0;0;0;0;0;25.99;625.51;0;0;0;0;0;0;
0;0;0;194.47;11992.27;0;0;97.48;0;492.88;0;0;12277.38;0;0;0;0;0;0;0;0;0;0;0;0;0;3222.79;0;0;0;0;0;0;0;0;
0;0;0;0;41.68;0;0;10.49;0;0;0;0;0;0;0;0;0;0;0;0;0;0;0;0;2.76;0;0;2.24;0;0;0;0;0;0;0;
0;0;0;0;58.53;0;0;492.51;0;45.14;0;0;439.76;0;0;0;0;0;0;0;0;0;0;0;605.45;0;0;0;94.48;0;0;0;0;0;0;
22;2729.58;134244.53;4516.12;20592.79;18736.74;0;755.42;0;408.56;0;0;14731.24;0;1631.85;0;0;0;9;0;16348;0;24456.06;8993.84;167.25;0;1095.29;0;45.51;0;0;0;0;0;0;
0;0;0;0;0;84.14;0;670.11;0;0;0;0;0;0;0;0;0;0;199.78;0;0;0;0;0;36.21;0;0;17.13;14.53;0;0;0;0;0;0;
0;0;0;9.45;313.01;289.9;0;479.96;0;0;0;0;895.43;0;0;0;0;0;19.03;0;0;0;0;388.12;23.17;0;49.41;0;274.23;0;0;0;0;0;0;
10;0;0;17862.17;54776.08;92722.86;0;12506.08;0;2642.3;0;0;72882.78;0;0;0;0;0;3564.49;0;0;21776.22;48697.61;21179.57;3053.83;0;448.81;289.66;9675.1;0;0;0;0;0;0;
3;0;0;0;0;4262.24;0;106.87;0;85.4;0;0;118.6;0;0;0;0;0;0;0;0;0;0;0;0;0;24.4;0;0;0;0;0;0;0;0;
1;0;0;0;1686.24;1435.25;0;695.91;0;42.69;0;0;2932.75;0;0;0;0;0;0;0;0;0;0;0;87.06;0;79.3;147.12;704.56;0;0;0;0;0;0;
0;0;0;42.75;586.59;0;0;663.05;0;0;0;0;609.8;0;0;0;324.52;0;0;0;0;109.06;0;184.13;67.84;0;0;0;186.15;0;0;0;0;0;0;
2;0;0;252.97;398.35;17781.7;0;1707.55;0;158.6;0;0;10142.75;0;0;0;0;0;889.16;0;0;123.85;68841.72;953.89;54.05;0;-82.96;22.12;2635.27;0;0;0;0;0;0;
20;0;0;194.54;12638.08;294.04;10.85;162.51;0;310.42;0;0;12674.78;0;0;0;0;0;7.93;0;0;0;0;67.82;36.47;0;30.5;0;66.09;0;0;0;0;0;0;
1;0;0;0;49.53;115.7;0;455.44;0;0;0;0;1051.01;0;0;0;0;0;635.03;0;0;0;3890.58;386.41;405.05;0;80.52;0;560.83;0;0;0;0;0;0;
1;0;0;0;8712.73;18344.01;0;1217.42;0;213.48;0;0;13176.35;0;0;0;0;0;1173.85;0;0;4311.6;23975.45;504.43;538.87;0;450.18;0;347.31;0;0;0;0;0;0;
1;0;906.93;11769.24;61370.42;2359.25;109.96;312.36;0;719.73;0;0;46213.91;0;222.04;0;811.89;0;693.78;0;0;373.06;3801.52;-378.42;13.05;0;1737.89;0;110.96;0;0;0;0;0;0;
0;0;0;0;204.95;403.76;0;317.19;0;0;0;0;79.23;0;0;0;0;0;121.11;0;0;0;0;23.12;144.66;0;0;3.42;64.59;0;0;0;0;0;0;
1;0;0;0;0;0;0;210.01;0;0;0;0;0;0;0;0;0;0;77.46;1790.59;0;0;15781.91;3257.4;0;0;163.48;0;196.42;0;0;0;0;0;0;
2;0;0;0;5010.59;19475.55;5181.55;1632.31;0;243.99;0;0;4751.06;0;0;0;56.67;0;277.28;2764.76;60.29;444.56;2570.95;592.92;145.06;0;401.99;135.35;2992.68;0;0;0;0;0;0;
2;0;0;1576.88;30642.67;13985.73;532.77;2847.66;0;841.84;0;0;36762.3;0;0;0;0;0;131.58;243;0;128.6;8854.27;1334.47;0;0;868.57;0;1981.5;0;0;0;0;0;0;
0;185.19;0;0;34.29;0;0;114.03;0;0;0;0;454.46;0;0;0;0;0;14.26;966.02;0;0;0;0;67.04;0;29.87;7.15;27.69;0;0;0;0;0;0;
0;0;0;28.03;67.22;59.07;0;0;0;0;0;0;50.63;0;0;0;11.07;0;0;0;0;0;0;115.35;0;0;0;0;0;0;0;0;0;0;0;
0;0;0;33.28;0;182.32;0;142.33;0;0;0;0;47.95;0;0;0;2930.64;0;0;0;0;1459.25;975.19;942.39;0;0;42.7;333.77;99.67;0;0;0;0;0;0;
0;0;0;458.45;2417.77;0;0;644.47;0;157.72;0;0;1996.96;0;0;0;0;0;694.17;0;130.83;1252.04;0;122.04;218.7;0;56.82;0;636.32;0;0;0;0;0;0;
0;0;0;91.35;2398.58;0;0;134.14;0;0;0;0;307.95;0;0;0;0;0;0;0;0;0;0;0;577.46;0;0;0;168.15;0;0;0;0;0;0;
0;0;0;0;0;0;0;50.12;0;0;0;0;45.46;0;0;0;472.81;0;31.67;0;0;226.43;0;0;0;0;0;0;101.38;0;0;0;0;0;0;
1;0;418.77;6262.96;6344.93;413.26;503.38;133.96;0;74.51;0;0;7604.76;0;421.56;0;325.73;0;0;0;0;861.87;0;1634.8;0;0;42.99;0;168.73;0;0;0;0;0;0;
0;0;0;1793.52;3987.12;3706.5;164.25;233.84;0;60.99;0;0;1860.65;0;0;0;0;0;10.57;0;0;698.85;0;115.9;154.22;0;40.1;0;147.72;0;0;0;0;0;0;
1;0;0;17164.42;5947.92;57788.15;0;907.18;0;238.02;0;10.88;11010.98;0;82.59;0;3012.4;0;13.41;114.56;0;5805.52;53870.86;3075.16;591.3;0;147.6;22.35;499.13;0;0;0;0;0;0;
2;0;0;325.91;1346.63;1590.65;0;3175.89;0;0;0;0;4.83;0;0;0;0;0;300.06;0;68.25;0;0;0;264.42;0;0.61;0;417.73;0;0;0;0;0;0;
0;0;274.62;867.08;112.18;0;0;274.19;73.31;0;0;165.57;105.38;0;390.68;0;63.59;0;16.84;647.8;481.07;0;0;0;325.37;0;53.97;0;0;12.44;322.89;0;0;0;0;
1;31.91;740.34;981.98;2310.39;3522.63;169.69;395.86;0;120.11;0;0;3862.17;0;0;0;1140.27;0;117.53;0;0;1057.76;948.46;3922.51;35.53;0;64.66;8;226.37;0;0;0;0;0;0;
1;0;0;274.06;7006.74;2064.24;0;980.13;0;368.14;0;0;2354.89;0;0;0;163.14;0;520.37;0;0;0;2026.92;671;0;0;346.3;97.76;1248.16;0;0;0;0;0;0;
0;0;0;0;0;11010.43;0;743.31;0;42.57;0;0;0;0;0;0;0;0;0;0;0;0;0;0;0;0;552.16;0;0;0;0;0;0;0;0;
0;0;0;22.45;0;0;0;0;0;0;0;0;67.64;0;0;0;9.88;0;0;0;0;23.5;0;0;0;0;0;0;0;0;0;0;0;0;0;
0;0;0;0;2457.93;0;0;0;0;0;0;0;12942.33;0;0;0;0;0;0;0;0;0;0;0;0;0;269.62;0;855.21;0;0;0;0;0;0;
1;7.2;0;0;0;2606.04;0;39.77;0;0;0;123.78;1668.12;69.86;-86.68;0;1328.43;0;0;0;37.36;18.3;2036.06;285.05;0;0;0;0;0;0;0;0;0;0;0;
1;159.88;5113.64;2490.16;4108.99;1356.78;0;255;0;511.57;0;0;884.84;9.75;1417.76;0;1399.24;0;0;0;213.95;1745.52;2521.7;103.85;0;0;85.4;0;140.3;0;0;0;0;0;0;
1;213.61;0;28.69;0;0;5629.24;6.53;4.69;4.87;0;78.74;118.58;0;0;68.72;105.7;0;0;161.77;3099.59;0;17.08;0;0;0;0;0;0;931.43;0;0;0;0;0;
0;0;0;2359.4;533.13;23577.06;0;151.06;0;219.58;0;0;55.41;0;0;0;0;0;8.16;0;6.49;0;0;2936.74;0;0;0;0;119.08;0;0;0;0;0;0;
0;525.82;0;867.74;208.95;0;50.58;204.64;0;0;0;0;248.86;482.31;0;0;184.85;0;49.04;0;650.75;0;0;0;0;0;0;0;0;0;0;0;0;0;0;
1;7.78;0;0;3617.17;0;13.66;19.51;7.59;30.6;0;0;54.5;0;0;0;0;0;4.53;0;131.91;46.57;0;0;0;0;0;0;0;0;0;0;0;0;0;
0;0;0;0;0;0;0;3140.01;0;0;0;0;0;0;0;0;0;0;0;0;0;0;0;0;0;0;0;0;330.55;0;0;0;0;0;0;
1;0;0;0;0;0;733.77;0;0;0;0;0;0;6580.92;0;0;0;0;0;0;1742.94;0;0;0;0;0;206.18;0;0;0;0;0;0;0;0;
0;0;0;0;13.42;411.7;0;168.35;0;0;0;0;0;0;0;0;16.54;0;0;0;0;0;0;0;13.22;0;0;0;32.61;0;0;0;0;0;0;
0;0;0;0;0;1721.18;0;0;0;42.7;0;0;0;0;0;0;0;0;0;0;0;0;1665.07;1494.74;0;0;40.26;0;0;0;0;0;0;0;0;
1;16113.78;8659.28;7998.4;8643.97;14286.22;1790.5;1153.03;2301.19;811.81;0;411.81;12134.6;349.38;4439.68;0;3336.03;0;201.15;150.47;4377.63;2558.17;21882.38;347.32;1456.89;0;162.26;0;624.46;12.91;394.73;0;0;0;0;
1;1690.82;0;401.8;20.06;0;24630.62;647.68;435.76;145.65;0;6.44;270.67;19097.26;133.1;0;293.41;0;60.94;217.61;396.98;186.39;0;100.26;240.58;0;-736.94;21.39;136.68;844.51;0;0;0;0;0;
1;0;0;0;163.21;0;0;1058.46;0;0;0;0;306.71;0;0;0;0;0;741.03;0;0;0;0;0;343.69;0;0;198.87;76.62;0;0;0;0;0;0;
1;0;0;0;0;0;49.78;0;0;0;0;0;0;178.55;0;0;0;0;0;0;0;0;0;0;0;0;0;0;0;0;0;0;0;0;0;
1;0;0;3828.16;147.36;2382.34;46.31;528.72;0;128.02;0;0;96.79;0;0;0;0;0;0;0;0;0;0;59.21;0;0;14.48;0;14.77;0;0;0;0;0;0;
0;0;0;0;227.15;0;0;0;0;0;0;0;0;0;0;0;0;0;224.37;0;0;0;0;0;0;0;0;0;0;0;0;0;0;0;0;
5;4716.3;390.72;269.62;283.51;0;7148.04;377.12;1010.09;344.03;0;970.19;436.41;2093.62;1291.03;0;0;0;463.08;9452.47;7106.41;0;0;0;804.07;0;316.39;0;177.9;0;1149.19;0;0;0;0;
0;0;585.7;0;16.76;0;0;0;0;101.67;0;0;37.88;0;2317.39;0;0;0;0;0;87.84;0;0;0;23.99;0;160.91;0;0;0;0;0;0;0;0;
4;1165.15;73265.55;1689.14;44056.18;16401.91;3722.55;12.06;8.65;1527.86;0;410.29;35067.23;0;30773.26;0;0;0;0;0;125.89;1399.84;13535.91;454.45;42.85;0;1086.9;0;1135.08;0;0;0;0;0;0;
0;0;0;0;13.32;98.82;0;51.28;0;0;0;0;128.89;0;0;0;0;0;0;0;0;0;15.96;101.87;0;0;0;0;46.8;0;0;0;0;0;0;
60;0;0;0;2317.89;622.03;0;0;0;18.3;0;0;2225.55;0;0;0;0;0;0;0;0;0;0;474.37;0;0;7.32;0;0;0;0;0;0;0;0;
0;1669.8;0;0;167.15;0;89.21;0;52.89;31.72;0;74.26;23.42;0;0;0;0;0;0;0;0;0;0;0;0;0;0;0;0;0;46.12;0;0;0;0;
0;0;0;2510.68;45.41;2236.36;0;939.74;0;0;0;0;171.06;0;0;0;92.74;0;0;0;0;0;1397.51;596.41;27.61;0;0;288.01;1652.08;0;0;0;0;0;0;
0;0;0;0;0;39.86;346.53;170.06;0;-6.22;0;0;35.76;0;0;0;80.15;0;0;0;0;0;0;181.33;12.08;0;0;0;150.54;0;0;0;0;0;0;
4;329.86;31414.35;732.34;1253.39;1523.25;2146.77;46.34;98.81;97.57;0;0;2030.01;0;28140.92;0;0;0;0;0;0;118.88;1015.42;0;0;0;48.8;0;0;0;0;0;0;0;0;
0;144.94;0;0;0;0;0;0;0;0;0;0;1749.94;0;0;0;0;0;0;0;20104.26;207.86;0;0;0;0;192.76;0;929.47;0;0;0;0;0;0;
0;0;0;1586.88;303.49;0;0;4341.94;0;0;0;0;1138.97;0;0;0;0;0;68.99;0;0;0;0;0;1872.61;0;0;0;1854.81;0;0;0;0;0;0;
1;0;0;0;0;0;205.16;107.12;0;0;0;0;0;0;0;20.87;0;0;0;0;460.43;0;0;0;0;0;0;0;0;0;0;0;0;0;0;
0;0;0;0;54.37;0;0;1314.05;0;0;0;0;80.28;0;0;0;0;0;17.82;0;0;0;0;0;162.26;0;0;9.61;1091.7;0;0;0;0;0;0;
0;0;0;0;579.91;180.44;0;1052.3;0;150.14;0;0;360.28;0;0;0;0;0;398.89;0;0;0;127.49;0;195.98;0;0;39.77;893.17;0;0;0;0;0;0;
1;480.6;46.87;0;0;0;0;0;10.91;0;0;767.98;0;0;7.64;0;0;0;0;52.62;728.27;0;0;0;0;0;54.9;0;6.14;0;99.84;0;0;0;0;
0;0;0;0;0;0;0;793.78;0;0;0;0;0;0;0;0;0;0;0;0;0;0;0;0;0;0;0;0;989.22;0;0;0;0;0;0;
1;0;0;0;0;24.6;0;38.6;0;30.5;0;0;0;0;0;0;74.49;0;0;0;0;0;847.18;0;0;0;50.02;0;0.32;0;0;0;0;0;0;
0;0;0;574.42;0;318.3;0;14.39;0;14.64;0;0;0;0;0;0;2028.46;0;0;0;0;0;0;3853.91;0;0;14.64;0;0;0;0;0;0;0;0;
1;31.31;0;0;0;0;0;0;612.81;0;0;712.61;0;0;0;0;0;0;0;0;7.78;0;0;0;0;0;20.74;0;0;0;365.16;0;0;0;0;
0;468.51;0;0;0;0;0;0;0;103.7;0;0;0;453.64;0;0;0;0;0;1537.44;0;0;0;0;717.54;0;54.9;0;0;0;0;0;0;0;0;
0;0;0;0;0;0;0;484.7;0;0;0;0;431.97;0;0;0;0;0;3.61;0;0;0;0;107.07;876.41;0;21.96;64.51;60.7;0;0;0;0;0;0;
0;0;0;4.39;0;0;284.26;0;0;0;0;155.46;528.06;0;0;0;0;0;13.1;0;92.22;0;0;0;0;0;0;0;0;0;0;0;0;0;0;
12;15066.32;116.98;1515.6;0;0;556.79;434.17;1426.15;446.54;0;10.61;0;719.87;0;0;206.2;0;328.36;230.06;31236.79;969.51;0;0;108.4;16.47;-215.94;0;77.04;0;125.49;0;0;0;0;
0;23.95;48.55;47.36;0;97.6;80.88;0;0;0;0;0;268.53;1203.48;0;0;440.38;0;0;99.84;307.43;0;0;0;0;0;46.96;0;0;0;0;0;0;0;0;
1;0;0;0;0;0;15.28;153.23;0;0;0;0;0;0;0;0;0;0;103.1;0;0;0;0;0;11.8;0;0;0;14.84;0;0;0;0;0;0;
0;831.99;0;0;0;0;595.1;242.56;298.83;76.41;0;14.08;0;242.18;0;0;0;0;0;331.47;178.53;0;0;0;306.95;0;0;0;0;0;320.07;0;0;0;0;
1;0;0;3201.55;2122.53;1068.96;0;768.06;0;42.69;0;0;1710.79;0;0;0;443.63;0;4.27;0;0;0;0;0;767.09;0;0;0;206.7;0;0;0;0;0;0;
8;927.76;0;217381.9;336.02;1667.32;2758.18;4443.97;0;602.46;0;4.83;0;38.47;26.99;0;185306.45;0;376.94;125.54;2794.18;10146.62;0;0;2068.51;0;663.91;0;1034.27;242.52;0;0;0;0;0;
1;0;0;64.49;0;0;0;0;0;0;0;0;0;0;0;0;62.84;0;0;0;58.69;0;0;0;0;0;0;0;0;0;0;0;0;0;0;
1;132.44;0;257.23;25.3;0;222.65;0;0;0;0;0;840.51;85.02;0;0;0;0;0;0;0;0;0;0;0;0;0;0;0;0;0;0;0;0;0;
10;205.43;0;5599.43;0;0;6998.35;0;0;-6.22;0;0;0;18971.16;0;0;0;0;0;0;244.05;11779.62;0;0;0;0;91.5;0;0;0;0;0;0;0;0;
1;0;19.73;0;0;0;6449.72;40.58;0;0;0;20.41;1461.08;4476.29;6345.35;0;0;0;0;0;10022.43;0;0;0;117.69;0;1149.12;0;9.56;0;0;0;0;0;0;
1;11258.29;7996.54;1553.73;2622.05;398.92;647.61;961.63;335.77;125.64;0;97.44;1184.11;66.65;3355.31;0;399.04;0;59.45;0;11729.18;396.51;2427.65;0;502.73;0;79.52;0;101.14;14.04;280.45;0;0;0;0;
10;0;0;0;57.98;0;0;0;0;36.6;0;0;2821.69;0;0;0;3278.2;0;0;0;0;509.91;0;0;0;0;73.2;0;0;0;0;0;0;0;0;
1;0;0;0;6774.61;706.5;0;258.32;0;0;0;0;7046.01;0;0;0;0;0;0;0;0;0;0;0;2.98;0;231.92;0;39.14;0;0;0;0;0;0;
3;10881.69;571.27;357.82;687.42;58.56;74.3;634.65;570.51;380.41;0;38.25;1131.96;66.08;96.84;0;117.55;0;38.98;30.3;4432.17;0;84.18;0;87.74;0;137.86;0;129.91;0;0;0;0;0;0;
0;0;0;0;0;0;0;12.26;0;0;0;0;0;0;0;0;0;0;0;0;0;0;0;0;0;0;0;28.73;0;0;0;0;0;0;0;
1;59.45;150.8;0;0;0;88.57;62.38;9171.63;170.79;0;8337.97;160.02;0;0;0;0;0;0;0;180.56;0;0;0;0;0;162.26;0;0;0;1232.15;0;0;0;0;
2;1901.98;956.39;138.86;15.84;0;3127.27;61.18;82.81;0;0;0;40.75;1620.21;317.42;0;172.02;0;2.65;0;4554.59;126.04;0;0;53.28;0;24.4;0;0;0;40.14;0;0;0;0;
0;0;0;0;724.76;0;109.53;1635;0;0;0;0;2607.09;0;0;0;209.85;0;771.6;109.53;0;0;61.24;177.33;24.49;0;111.07;76.25;953.38;0;0;0;0;0;0;
2;383.24;0;0;0;0;81.3;89.9;710.81;0;0;197.52;36.97;0;0;0;0;0;0;6448.25;2198.57;0;0;0;138.25;0;107.36;0;0;0;826.18;0;0;0;0;
0;0;0;0;0;301.42;0;1599.65;0;0;0;0;0;0;0;0;0;0;0;0;0;0;0;0;0;0;0;0;76.18;0;0;0;0;0;0;
16;299.83;0;0;783.16;117.76;2213.02;270.88;1484.12;36.6;0;73.66;110.68;891.15;0;0;0;0;19.42;1111.36;6440;112.73;0;0;113.46;0;-92.72;0;2.46;6.87;6.58;0;0;0;0;
0;0;0;707.67;11765.21;5581.48;0;102.77;0;0;0;0;10230.09;0;321.71;0;0;0;0;0;0;0;0;24.92;0;0;25.62;0;0;0;0;0;0;0;0;
4;741.53;0;272.96;0;0;0;0;0;70.15;0;0;0;0;0;0;0;0;0;0;559;0;0;0;0;0;0;0;0;0;0;0;0;0;0;
0;0;2.67;0;0;0;0;0;0;0;0;0;0;0;0;0;0;0;0;0;705.32;0;0;0;0;0;48.8;0;0;0;0;0;0;0;0;
0;0;15.71;797.33;1426.41;0;0;32.28;0;0;0;0;230.89;0;3.73;0;0;0;0;0;0;0;0;0;0;0;0;0;0;0;0;0;0;0;0;
4;39.72;362.13;14951.24;12528.42;19192.93;2135.28;961.18;0;1021.13;0;0;117137.36;539.24;472.14;0;10457.16;0;382.18;0;453.23;10913.58;0;3588.9;528.98;0;896.7;0;81.54;0;0;0;0;0;0;
0;23.13;0;173.41;157.74;0;54.89;15.67;22.67;0;0;0;0;0;0;0;0;0;0;14.12;50.39;470.38;0;0;0;0;31.11;0;0;0;0;0;0;0;0;
1;0;0;0;83.04;156.36;0;22.2;0;0;0;0;83.34;0;0;0;0;0;50.26;0;0;0;0;0;0;0;0;0;140.54;0;0;0;0;0;0;
15;29.44;386.76;0;3695.63;1064.87;0;492.65;0;0;0;0;1314.87;0;0;0;9.15;0;117.41;0;22.34;67.71;1994.02;1956.53;87.57;0;58.95;0;378.15;0;0;0;0;0;0;
0;63.05;855.79;0;505.47;0;22.38;965.07;0;39.04;0;0;0;0;13.3;0;0;0;0;107.8;256.49;0;0;0;224.94;0;0;0;130.15;3.77;0;0;0;0;0;
3;9290.88;2299.5;632.78;590.32;5220.41;3269.88;1749.86;166.81;21.33;0;397.94;100.31;631.24;1095.85;0;890.67;0;455.47;692.23;9362.87;3777.05;0;175.77;1919.95;0;-165.92;0;178.64;587.47;91.2;0;0;0;0;
1;10.57;0;0;0;0;0;0;0;0;0;0;0;0;122.11;0;288.74;0;27.52;0;397.71;57.78;0;0;0;0;48.8;0;0;0;0;0;0;0;0;
1;2246.15;0;53.98;200.23;0;63.1;0;37.43;20.74;0;3.92;19.13;197.05;0;0;565.8;0;0;1055.75;2876.03;370.88;0;0;0;0;0;0;0;0;9.39;0;0;0;0;
1;0;0;0;0;0;939.16;49.47;0;65.88;0;0;0;1575.08;0;0;125.84;0;0;0;0;0;0;0;0;0;97.94;0;0;2273.48;0;0;0;0;0;
3;0;0;0;0;0;6586.25;1398.31;16;789.33;0;33.87;0;0;0;0;0;0;5.21;5017.93;580.83;0;0;0;25.85;0;215.33;0;0;0;12.77;0;0;0;0;
0;0;0;0;45.35;0;0;265.79;0;104.11;0;0;119.02;0;0;0;152.01;0;0;0;0;0;0;0;86.96;0;4.25;0;358.34;0;0;0;0;0;0;
0;0;0;14.3;2188.52;0;0;0;0;0;0;0;641.95;0;0;0;0;0;0;374.78;0;468.48;0;45.16;0;0;0;0;0;0;0;0;0;0;0;
1;0;15.82;135.66;0;0;0;0;0;0;0;0;0;0;24.9;0;0;0;0;0;0;0;0;0;0;0;0;0;0;0;0;0;0;0;0;
0;68.32;0;0;0;0;0;0;0;0;0;0;0;0;0;0;18.62;0;0;0;102.2;129.41;0;0;0;0;0;0;6.71;0;0;0;0;0;0;
12;0;0;0;1834.98;0;0;0;0;6.1;0;0;99532.27;0;73.72;0;0;0;0;0;0;0;0;0;0;0;140.3;0;72.71;0;0;0;0;0;0;
2;998.55;0;7.42;0;0;1408.06;885.49;94.17;24.4;0;0;159.36;2426.46;5.11;0;0;0;381.01;3478.44;5944.01;30.74;0;0;852.98;0;128.1;0;200.09;0;278.55;0;0;0;0;
15;486.7;1493.88;1709.41;12064.3;11666.97;0;3271.9;0;88.68;0;0;10589.14;0;1180.94;0;133.68;0;273.23;22.19;0;6129.19;4301.59;76.52;427.61;0;389.64;0;557.81;0;0;0;0;0;0;
0;0;0;0;0;0;106.43;0;0;0;0;0;0;0;0;0;0;0;140.15;103.77;0;0;0;0;0;0;0;0;0;0;0;0;0;0;0;
0;34.74;0;1859.75;73.08;0;93.34;65.91;0;0;0;0;73.08;176.49;0;0;1399.11;0;0;0;17.49;95.36;0;0;17.96;0;0;0;0;0;0;0;0;0;0;
0;0;0;4.51;0;0;0;0;0;0;0;0;0;0;0;0;65.49;0;0;36.26;0;1048.71;0;0;0;0;0;0;0;0;0;0;0;0;0;
7;297.36;184.66;23400.82;45147.44;143240.37;5698.15;2094.37;173.15;1179.04;0;0;49861.2;73.79;2185.07;0;5913.62;0;1404.42;0;349.96;9555.97;135558.54;21440.73;700.85;0;1442.65;0;464.04;0;103.7;0;0;0;0;
40;138.27;361.12;1603.58;0;0;314.42;767.13;0;91.26;0;0;0;0;0;0;117.41;0;0;21.53;46335.44;0;0;0;113.02;0;87.84;0;0;0;0;0;0;0;0;
1;0;0;0;81.53;0;494.06;28.11;0;0;0;0;0;0;0;0;0;0;0;133.27;0;0;0;0;0;0;0;0;38.93;0;0;0;0;0;0;
1;0;0;0;271.08;73.2;0;0;0;0;0;0;45.16;0;0;0;0;0;0;0;0;123.31;0;0;0;0;7.82;0;0;0;0;0;0;0;0;
0;1545.54;1713.91;126.39;0;0;8.49;275.74;0;48.8;0;440.62;0;82.75;10160.44;0;36.5;0;0;15.37;246.45;23.91;0;0;0;0;158.6;0;86.12;1.92;499.6;0;0;0;0;
5;3384.03;0;0;0;0;481.15;127.78;0;0;0;727.61;1165.86;115.75;0;0;0;0;0;316.22;7052.39;99.02;0;0;785.97;0;331.51;0;0;0;0;0;0;0;0;
0;0;125.18;0;0;0;0;0;0;47.58;0;0;0;0;0;0;0;0;0;0;0;0;0;0;0;0;-225.7;0;0;0;0;0;0;0;0;
3;247.58;0;0;0;0;307.51;338.85;1326.53;0;0;0;0;0;0;0;0;0;135.08;1779.96;28.12;0;0;0;2408.69;0;-53.8;0;110.31;0;7.09;0;0;0;0;
0;122.72;0;0;0;0;0;10.66;0;0;0;0;0;0;0;0;0;0;0;0;55.77;0;0;0;0;0;0;0;0;0;0;0;0;0;0;
15;0;0;0;1183.43;0;0;0;0;0;0;0;319.04;0;0;0;0;0;0;0;0;0;0;0;0;0;12.2;0;0;0;0;0;0;0;0;
3;0;0;0;0;0;4842.54;35.18;0;0;0;0;0;5886.26;0;0;0;0;0;0;0;0;0;0;0;0;3.66;0;0;0;0;0;0;0;0;
3;46735.94;28296.43;142.36;3313.59;0;267.48;5720.98;1442.94;3001.92;0;2117.99;3128.73;687.1;27312.36;0;0;0;1228.63;702.21;75783.74;2678.94;0;0;6620.98;-121.65;4156.71;0;349.26;63.49;2583.87;0;0;0;0;
1;449.81;7129.88;1149.2;7140.51;-1283.74;0;171.03;0;76.85;0;0;5664.92;213.09;12193.19;0;0;0;0;77.2;104.87;2837.38;4375.15;6690.09;0;0;73.99;0;0;0;0;0;0;0;0;
20;2186.34;0;0;0;0;760.52;116.74;10.13;40.26;0;3.27;0;190.67;0;0;0;0;0;4751;6870.61;0;0;0;77.26;0;599.5;0;0;0;172.3;0;0;0;0;
1;0;0;0;237.98;0;0;0;0;5.6;0;0;280.27;0;0;0;0;0;0;0;0;0;0;0;0;0;18.18;0;0;0;0;0;0;0;0;
2;0;0;8725.41;0;7679.31;0;36.13;0;104;0;0;0;0;0;0;1351.46;0;0;0;0;682.04;1060.18;0;0;0;48.8;0;0;0;0;0;0;0;0;
1;0;0;106.53;0;0;98.6;0;0;0;0;0;0;129.26;0;0;1618.4;0;6.04;0;45.46;87.6;0;0;41.64;0;0;0;0;0;0;0;0;0;0;
1;68.64;780.02;174.52;141.05;0;3.53;351.35;5.54;0;0;0;78.4;0;813.61;0;0;0;275.52;21.96;163.2;0;0;0;47.89;0;0;0;2.68;0;4.54;0;0;0;0;
0;419.73;0;10335.65;17.2;2078.82;0;256.12;0;28.66;0;0;83.88;0;0;0;8325.85;0;14.27;0;254.19;3759.45;2615.75;0;258.99;0;222.16;0;74.44;0;0;0;0;0;0;
3;0;0;755.38;720.83;7558.82;879.28;1110.86;0;0;0;0;112.86;4086.63;0;0;0;0;33.5;124.4;0;0;0;1921.96;1729.86;0;0;0;284.19;0;0;0;0;0;0;
0;15.15;0;93.7;0;0;51.51;351.24;0;0;0;0;0;32.21;0;0;86.21;0;72.07;0;210.27;0;0;0;289.21;0;0;0;36.65;0;0;0;0;0;0;
3;3688.18;9277.38;92.66;499.49;0;246.99;694.78;221.22;64.88;0;153.81;22.45;321.14;84.53;0;2.01;0;29.96;3359.56;3208.4;5.12;0;0;485.47;0;133.53;0;16.64;0;239.43;0;0;0;0;
4;0;0;192.11;16607.49;11750.77;9491.42;68.77;0;676.96;0;0;12913.55;0;0;0;0;0;55.39;0;0;421.63;0;6768.5;0;0;223.26;0;0;0;0;0;0;0;0;
2;3012.08;6285.43;2620.77;409.91;0;95.3;508.92;375.64;477;0;379.25;0;0;461.16;0;0;0;0;0;618.69;49.85;0;0;0;0;-53.68;0;0;0;23.81;0;0;0;0;
3;361.3;0;176.59;0;0;380.77;421.49;15126.75;0;0;4289.43;77.85;0;0;0;90.54;0;16.84;6.88;610.99;0;0;0;113.18;0;154.94;0;106.12;0;2039.35;0;0;0;0;
2;2314.22;0;55427.8;55.83;424.6;46433.33;3191.88;0;358.6;0;0;1047.13;82090.48;0;0;46917.99;0;1045.47;0;3628.35;6391.13;0;0;1087.65;0;521.03;0;257.52;1945;0;0;0;0;0;
1;94.58;0;0;0;0;0;31.27;0;0;0;0;2510.98;0;0;0;53.85;0;5.21;0;344.63;52.81;0;0;51.12;0;99.83;0;356.81;10.1;0;0;0;0;0;
1;640.84;0;0;0;0;41.12;319.92;0;0;0;0;0;0;0;0;0;0;8.67;145.23;81.26;0;0;0;81.67;0;-22.57;0;5.48;0;0;0;0;0;0;
110;0;0;15188.99;39137.35;4677.26;21.7;0;0;585.56;0;0;23553.49;0;0;0;0;0;0;0;0;0;0;789.58;0;0;216.55;0;0;0;0;0;0;0;0;
2;126.73;841.12;0;0;0;0;9.76;0;0;0;36.21;2174.59;48.93;8799.02;0;0;0;54.41;30.45;8840.28;0;2319.71;0;225.33;0;543.14;0;47.7;0;0;0;0;0;0;
19;0;0;7003.43;231.14;2084.06;0;46.21;0;167.84;0;0;625.21;0;0;0;7965.73;0;0;770.06;24.3;4731.66;2622.22;574.35;127.1;0;-464.37;0;62.23;0;0;0;0;0;0;
17;43.92;367.64;0;1.6;0;234.19;432.99;81.06;0;0;213.33;0;184.42;0;0;0;0;0;0;195.92;0;0;0;37.78;0;0;0;0;0;0;0;0;0;0;
40;54030.77;0;50.01;2023.41;0;244.28;124.73;0;4368.18;0;0;0;132.07;0;0;0;0;13.73;0;50981.93;4879.16;0;0;92.4;0;1532.04;0;95.98;0;10.83;0;0;0;0;
1;763.84;0;1085.55;3.96;0;11373.98;844;214.82;24.4;0;2.51;0;6095.03;0;0;124.85;0;60.22;0;585.53;0;0;0;606.74;0;0;0;48.68;0;0;0;0;0;0;
5;3594.52;1312.25;10632.39;90.76;0;39418.83;225.32;49.46;188.3;0;0;0;51099.31;0;0;82.68;0;48.36;0;2220.97;0;0;0;463.7;0;461.05;0;52.86;437.74;0;0;0;0;0;
0;3694.06;377.98;906.66;0;0;310.08;158.75;0;53.12;0;0;0;816.39;0;0;43.85;0;0;0;825.33;417.24;0;0;4.99;196.32;18.3;0;0;0;0;0;0;0;0;
1;0;0;6.04;2620.89;10281.68;30.25;170.5;0;36.6;0;2.56;8610.66;88.96;0;0;2390.81;0;471.47;0;0;0;6293;46.77;97.97;0;0;0;56.79;0;0;0;0;0;0;
1;2103.99;0;20.11;0;0;53.91;451.07;3328.99;54.9;0;0;0;371.03;0;0;0;0;0;0;0;0;0;0;0;0;0;0;0;0;0;0;0;0;0;
3;1667.42;0;27.14;0;0;6024.7;71.33;0;36.59;0;0.92;0;13278.07;0;0;250.3;0;0;0;3573.2;558.93;0;0;475.62;0;0;0;0;0;0;0;0;0;0;
0;20.13;0;0;38.2;0;0;0;0;0;0;0;80.04;0;0;0;0;0;0;0;0;0;0;0;0;0;0;0;0;0;0;0;0;0;0;
5;7761.6;2864.02;0;188.56;2950.16;17027.83;27.14;0;163.46;0;0;0;7739.63;0;0;0;0;0;0;2471.12;0;3787.93;0;60.38;0;148.08;0;0;0;0;0;0;0;0;
0;0;0;0;73.69;0;0;1661.48;0;0;0;0;140.64;0;0;0;0;0;3.66;0;0;0;0;0;90.3;0;20.94;155.86;2724.49;0;0;0;0;0;0;
0;0;0;75.21;2311.98;4311.12;0;549.49;0;0;0;0;671.32;23317.05;0;0;0;0;29.93;0;0;0;12019.18;9063.71;0;0;42.66;0;22.63;2897.7;0;0;0;0;0;
8;1609.43;1356.53;887.36;891.53;0;24173.04;6096.46;1180.91;0;0;2492.74;34.79;90.84;726.69;20273.44;172.97;0;4894.38;5.45;1698.53;5854;0;0;348.58;0;75.76;0;2966.64;16346.77;306.76;0;0;0;0;
5;117168.81;13845.91;359.87;645.95;2881.23;3402.3;1916.32;1681.63;1642.01;0;5991.4;425.22;2332.42;1243.08;0;1490.02;0;552.14;3893.28;176929.94;2020.65;437.86;0;1360.41;0;-3877.76;0;265.58;0;3261.83;0;0;0;0;
0;0;0;6.95;0;0;2875.85;0;0;0;0;0;0;0;0;0;0;0;0;0;112.63;0;306.85;0;168.6;625.53;0;0;0;0;0;0;0;0;0;
5;0;389.38;0;3987.33;0;1547.94;169.5;0;0;0;0;472.07;0;0;0;0;0;0;0;0;0;0;0;24.69;0;18.3;0;10.3;0;0;0;0;0;0;
1;1016.67;0;5072.73;960.85;444.81;107.63;148.91;0;0;0;0;77.25;0;0;0;6710.99;0;13.12;0;34.56;742.35;0;1791.66;0;0;0;0;0;0;0;0;0;0;0;
1;71.95;0;56.5;0;0;0;0;0;0;0;57;263;0;0;0;207.84;0;0;0;0;0;0;0;0;0;0;0;4.04;3.27;0;0;0;0;0;
0;392.99;14.18;5916.96;605.11;141.77;1579.44;1328.73;0;219.34;0;0;506.1;1363.56;0;0;623.76;0;511.28;34.76;586.54;828.84;0;218.94;134.72;0;74.92;66.45;761.22;0;0;0;0;0;0;
3;26.52;0;141.27;760.73;50.17;0;110.81;0;0;0;0;1270.56;0;0;0;0;0;90.87;0;0;0;-288.98;747.57;30.01;0;0;0;90.08;0;0;0;0;0;0;
2;0;0;54826.35;0;0;0;59.44;0;204.94;0;0;0;0;0;0;157.9;0;0;0;0;43616.22;0;0;75.88;0;0;0;0;0;0;0;0;0;0;
0;24.15;0;6.52;27.89;0;133.13;638.95;178.37;0;0;374.41;428.7;383.35;125.03;0;0;0;1038.93;0;280.48;-248.49;0;0;285.39;0;0;0;27.51;153.07;74.54;0;0;0;0;
4;195.44;0;137.91;3.51;338.78;16.35;119.1;35.27;0;0;9.33;0;11.27;0;0;21.42;0;23.13;0;204.34;0;1482.02;0;120.37;0;0;0;23.52;0;0;0;0;0;0;
1;0;0;0;1429.22;1143.9;0;0;0;24.4;0;0;5907.09;0;0;0;0;0;0;0;0;50.75;0;0;0;0;18.3;0;28.79;0;0;0;0;0;0;
1;1003.11;45.64;1000.51;517.86;1363.64;5882.98;1389.45;337.45;65.88;0;0;158.47;3239.1;0;0;1262.19;0;17.93;3790.72;11.37;0;0;100.16;36.32;0;0;0;328.03;806.35;0;0;0;0;0;
2;373.24;0;210.6;0;0;9946.57;1002.12;31.51;-42.21;0;420.72;0;27479.15;0;0;0;0;75.98;0;223.17;36.7;0;0;1533.98;0;100.28;0;34.03;149.21;0;0;0;0;0;
4;582.05;0;5313.18;4.47;0;0;15.54;0;121.99;0;0;0;0;0;0;5129.27;0;0;0;237.53;2877.11;0;0;610.39;0;0;0;112.46;0;0;0;0;0;0;
0;100.55;53.27;37.48;0;0;0;245.06;0;0;0;0;93.04;35.23;992.59;0;118.1;0;159.77;0;309.84;0;0;0;131.04;0;92.99;0;40.39;0;0;0;0;0;0;
0;10827.36;0;0;0;0;0;0;2526.34;929.8;0;0;0;0;0;0;0;0;0;0;0;0;0;0;0;0;0;0;0;0;131.67;0;0;0;0;
0;154.44;0;0;0;0;0;0;0;0.74;0;0;0;0;0;0;0;0;0;0;0;0;0;0;0;0;0;0;0;0;39.77;0;0;0;0;
1;555.89;0;5.37;27.53;0;0;10.57;0;0;0;0;971.85;393.32;49.74;0;0;0;37.53;237.73;193.75;0;0;0;628.82;0;0;0;36.45;0;0;0;0;0;0;
1;162.5;0;976.99;0;3114.8;501.54;265.29;0;0;0;0;14.66;1287.83;202.2;0;763.4;0;0;0;113.08;210.29;85.4;1303.9;15.36;0;0;0;36.48;0;0;0;0;0;0;
0;319.42;0;0;0;48.31;0;7.1;0;0;0;0;0;0;0;0;0;0;0;0;344.11;0;0;0;0;0;36.6;0;0;0;0;0;0;0;0;
1;0;0;3215.69;0;0;0;7.27;45.69;0;0;21.28;35.14;0;0;0;10116.41;0;0;0;38.14;1411.27;0;464.64;13.05;0;0;0;0;0;0;0;0;0;0;
1;67.59;0;616.37;0;0;32.57;-60.18;0;0;0;0;3.73;644.6;0;0;52.44;0;3.01;136.82;0;42.94;0;0;36.78;591.26;0;0;179.46;285.16;6.8;0;0;0;0;
1;21.69;0;315.48;8.01;0;0;0;0;0;0;0;0;0;0;0;58.29;0;0;0;0;0;0;0;0;0;0;0;0;0;0;0;0;0;0;
1;1074.2;910.91;5471.58;9393.86;3954.96;2464.82;1294.85;67.9;30.58;0;89.62;3909.75;1322.03;66.45;0;2254.95;0;251.37;0;731.79;671.82;14646.17;264.09;76.01;0;23.18;0;443.31;0;47.58;0;0;0;0;
0;17685.36;2182.59;99.91;173.1;0;0;693.36;0;1368.73;0;525.92;857.4;0;0;0;0;0;0;3014.08;10828.84;0;7141.42;0;0;0;226.92;0;119.65;0;481.6;0;0;0;0;
0;0;0;0;0;0;604.28;103.11;0;0;0;0;0;238.14;0;0;0;0;0;0;0;0;0;0;0;0;0;0;0;0;0;0;0;0;0;
2;363.3;0;41642.89;331.85;635.74;0;1555.3;0;651.46;0;0;0;0;0;0;31432.98;0;668.32;0;375.15;9680.05;0;255.5;250.44;0;858.88;0;252.26;0;0;0;0;0;0;
0;0;0;0;0;0;505.88;0;0;0;0;0;0;0;0;0;0;0;0;0;0;0;0;0;707.47;0;0;0;0;0;0;0;0;0;0;
5;0;0;512.5;0;0;0;0;0;0;0;0;153.89;0;0;0;0;0;0;0;0;0;0;0;0;0;0;0;5.66;0;0;0;0;0;0;
0;0;0;0;67.89;0;0;0;0;6.92;0;0;61.21;0;0;0;0;0;4.99;0;0;0;0;0;0;0;0;0;7.44;0;0;0;0;0;0;
0;0;0;49.97;0;0;0;0;0;0;0;0;191.13;0;0;0;109.25;0;0;0;0;846.22;0;0;0;0;67.1;0;0;0;0;0;0;0;0;
1;0;0;48.04;0;0;0;0;0;0;0;0;0;0;0;0;24.99;0;0;0;0;0;0;0;0;0;0;0;0;0;0;0;0;0;0;
0;0;0;41.28;0;0;0;0;0;0;0;0;0;0;0;0;18.2;0;0;0;0;0;0;0;0;0;0;0;0;0;0;0;0;0;0;
2;12447.8;5191.43;319.58;209.5;0;30.44;13.71;465.25;50.68;0;138.47;0;90.52;769.38;0;0;0;3.53;0;14540.62;35.48;0;0;445.58;58.15;465.83;0;0;0;138.62;0;0;0;0;
0;521.67;0;0;0;0;94.69;112.42;24.39;0;0;0;0;0;0;0;0;0;0;0;355.51;0;0;0;0;0;30.5;0;0;0;0;0;0;0;0;
2;646.67;0;0;0;0;0;6.5;211.85;0;0;0;0;0;0;0;0;0;0;0;404.71;0;0;0;0;0;0;0;0;0;0;0;0;0;0;
0;4022.39;0;48.52;193.66;0;327.41;1301.55;277.14;-50.02;0;219.8;531.63;195.8;0;0;0;0;122.29;0;8250.57;277.79;0;0;1023.37;124.73;122;0;271.83;0;146.72;0;0;0;0;
1;0;0;0;0;215.39;0;9.32;0;0;0;0;86.82;0;0;0;434.49;0;0;0;0;345.5;0;0;0;0;0;0;0;0;0;0;0;0;0;
1;0;0;0;9681.8;22305.51;0;69.68;0;579.49;0;0;4929.23;0;163.46;0;0;0;0;0;0;0;3672.93;733.29;0;0;283.98;0;244.32;0;0;0;0;0;0;
0;4017.62;0;0;0;0;0;0;282.11;433.42;0;586.43;0;0;103.21;0;0;0;0;0;0;0;0;0;0;0;18.3;0;0;0;189.99;0;0;0;0;
2;0;0;0;0;0;756.63;0;0;8.54;0;0;0;13982.94;0;0;0;0;0;0;0;0;0;0;0;0;87.84;0;0;0;0;0;0;0;0;
0;0;0;0;0;0;0;1679.08;0;-6.22;0;0;0;0;0;0;0;0;0;0;0;0;0;0;0;0;0;0;606.72;0;0;0;0;0;0;
6;0;0;0;0;0;0;13.81;0;0;0;0;0;0;0;0;0;0;0;0;114.19;0;0;0;0;0;0;0;0;0;0;0;0;0;0;
0;261.05;0;0;0;0;0;163.33;496.72;0;0;0;0;30.89;0;0;0;0;58.38;0;1687.58;0;0;0;96.6;0;-159.21;0;52.29;0;60.94;0;0;0;0;
4;38.43;0;318.67;0;46.7;1250.88;148.91;0;0;0;2.32;7.32;912.23;0;0;375.71;0;34.34;0;6.41;0;0;0;2.12;0;0;0;2.75;0;0;0;0;0;0;
2;64.81;88.84;6975.46;0;0;0;330;18.18;0;0;31.52;203.63;0;68.59;0;165.27;0;336.98;0;28.11;7611.89;0;0;93.64;0;101.26;0;71.91;0;321.8;0;0;0;0;
6;0;0;0;0;0;26795.84;291.8;32.36;99.65;0;2.56;0;25259.5;0;0;0;0;0;0;41.82;0;0;0;148.43;0;249.61;0;0;0;0;0;0;0;0;
4;8464.11;86632.15;1291.13;5244.99;4507.15;8.2;3947.09;0;740.72;0;0;5928.88;0;97038.17;0;0;0;17.41;0;5272.6;569.53;0;0;2907.37;0;1251.72;0;20.63;0;0;0;0;0;0;
1;1271.61;0;300.13;51.44;0;759.65;0;47.58;-40.53;0;0;155.34;827.37;0;0;174.77;0;0;593.25;2170.48;353.56;0;0;0;0;58.56;0;0;0;0;0;0;0;0;
1;499.67;0;348.06;0;0;28533.36;985.64;0;84.16;0;0;0;12938.65;0;0;0;0;0;0;961.73;0;0;0;219.6;0;18.3;0;0;216.86;0;0;0;0;0;
3;110.03;0;0;0;0;0;0;0;61;0;0;0;28.06;0;0;0;0;0;0;35.58;0;0;0;27.45;0;0;0;0;0;0;0;0;0;0;
1;14.91;410.93;0;139.93;0;762.25;16.91;0;0;0;0;1569.32;0;7225.77;0;9.89;0;0;0;0;0;688.13;0;18.71;0;61;0;90.88;1890.56;0;0;0;0;0;
1;0;0;18.67;6634.56;22890.85;3123.07;105.91;60.98;201.59;0;0;3346.55;0;0;0;712.53;0;43.92;2672.08;0;1031.17;11534.76;7231.76;0;0;317.2;0;0;0;0;0;0;0;0;
0;5228.29;0;234.64;280.01;0;575.81;904.76;114.45;34.15;0;54.11;573.38;260.78;0;0;0;0;51.25;491.39;18332.26;650.71;0;0;1401.01;78.39;523.73;0;103.8;0;125.66;0;0;0;0;
8;0;0;572.01;2512.32;0;0;0;0;0;0;0;2358.14;0;0;0;98.38;0;0;0;0;0;0;0;0;0;0;0;0;0;0;0;0;0;0;
0;8534.05;0;0;3036.28;0;240.51;68.38;14.79;81.73;0;0;520.6;0;0;0;0;0;0;0;6929.28;0;0;0;4.6;0;118.71;0;9.53;0;268.23;0;0;0;0;
0;0;0;128.71;0;48.03;0;16.76;0;0;0;0;1899.53;700.57;0;0;7782.31;0;63.21;0;198.07;1511.23;0;2276.32;36.62;0;55.1;0;56.88;0;0;0;0;0;0;
3;0;0;0;0;0;98.38;0;0;0;0;0;0;927.81;0;0;0;0;0;18.69;0;0;0;0;0;0;0;0;0;0;0;0;0;0;0;
0;707.82;0;0;0;0;83.16;121.08;214.35;4.35;0;0;0;0;0;0;0;0;5.72;1880.13;474.26;0;0;0;0;0;0;0;0;0;211.8;0;0;0;0;
0;39.5;251.25;0;0;0;0;8.25;0;0;0;14.2;48.53;0;1046.04;0;0;0;0;0;443.87;39.38;0;0;0;0;0;0;9.53;0;0;0;0;0;0;
0;1572.82;0;0;0;0;90.33;0;342.07;0;0;0;0;0;0;0;0;0;0;0;223.44;0;0;0;0;0;73.2;0;0;0;0;0;0;0;0;
0;0;0;0;143.01;0;89.92;71.85;0;0;0;0;561.14;0;0;0;0;0;78.79;163.6;0;0;0;0;63.56;0;0;0;177.23;0;0;0;0;0;0;
4;186.41;2311.92;1353.83;1492.33;0;0;121.99;0;0;0;0;1474.91;134.44;438.22;0;0;0;0;0;43.92;0;0;0;1145.38;0;15.81;0;0;0;0;0;0;0;0;
1;0;0;30195.48;0;8451.01;6.29;439.65;0;433.08;0;0;0;4.29;0;0;37493.19;0;69.05;0;0;19326.95;0;1502.61;302.82;0;932.69;0;304.83;0;0;0;0;0;0;
0;0;15.09;87.97;346.76;0;502.77;0;0;0;0;1.24;734.83;138.59;0;0;47.57;0;31.81;0;0;106.14;386.19;282.26;358.36;0;36.34;0;33.17;215.89;0;0;0;0;0;
1;0;0;0;0;254.92;0;90.2;0;235.46;0;0;641.98;0;0;0;239.28;0;27.13;0;0;0;0;61.67;54.46;0;915.6;18.84;212.94;0;0;0;0;0;0;
3;3557.22;3.98;7201.55;179.39;0;30500.9;2557.08;111.19;-422.26;0;71.77;41.21;39923.85;4.22;0;50.57;0;850.38;6688.92;7705.61;6155;0;0;749.91;0;215.94;0;4.37;430.97;0;0;0;0;0;
0;293.58;54.95;0;0;0;0;0;144.07;35.38;0;142.01;377.39;30.85;234.61;0;0;0;66.19;0;26.89;746.64;0;0;0;0;0;0;69.82;5.31;84.74;0;0;0;0;
1;7.08;0;7.25;82.35;0;104.8;56.02;3.96;0;0;78.54;321.99;645.58;189.36;0;317.35;0;119.97;814.81;3322.78;316.16;0;163.26;365.62;0;429.56;0;186.75;0;302.62;0;0;0;0;
0;252.39;0;69.21;0;0;0;0;15.92;0;0;0;0;0;0;0;0;0;0;0;467.96;0;0;0;0;0;0;0;0;0;0;0;0;0;0;
1;87.73;8320.95;30.86;4608.84;2360.58;0;327.6;0;73.2;0;141.64;14414.4;0;17538.15;0;658.58;0;137.8;0;94.54;6241.36;6115.25;0;523.23;0;352.58;0;514.54;0;0;0;0;0;0;
1;41.05;250.96;371.56;0;1001.5;0;21.16;0;0;0;0;0;0;0;0;0;0;0;31.06;0;0;0;0;44.59;0;0;0;0;0;176.29;0;0;0;0;
3;68.7;388.98;0;0;0;0.57;43.02;0;0;0;0;0;0;219.77;0;0;0;0;0;0;0;0;0;0;0;0;0;45.9;0;0;0;0;0;0;
2;0;0;0;0;0;6388.68;0;0;25.62;0;0;0;2958.17;0;0;0;0;0;0;0;0;0;0;0;0;0;0;0;0;0;0;0;0;0;
1;94.16;0;0;0;75421.75;0;0;0;-487.98;0;0;0;0;0;0;0;0;0;0;612.93;0;88544.83;0;0;0;-157.99;0;0;0;0;0;0;0;0;
3;40139.7;402.3;14.04;221.2;0;523.09;647.02;1957.98;1675.51;0;1042.11;685.34;0;354.37;0;0;0;0;118.29;25238.21;168.16;0;0;1007.06;0;854.74;0;210.17;0;480.39;0;0;0;0;
0;420.95;0;0;0;0;0;4.26;0;7.81;0;71.39;24.6;0;64.46;0;0;0;3.53;109.12;1453.57;0;0;0;112.9;0;215.94;0;0;0;56.72;0;0;0;0;
1;644.67;0;15.52;0;0;0;0;44.12;86.24;0;0;0;0;0;0;0;0;0;0;4506.81;0;0;0;0;0;396.5;0;0;0;0;0;0;0;0;
0;0;0;0;0;0;519.94;0;0;0;0;0;0;0;0;0;0;0;0;0;0;0;0;0;0;0;0;0;0;386.96;0;0;0;0;0;
5;61927.34;0;0;44.24;0;0;164.69;0;1427.39;0;0;65.22;0;0;0;0;0;1129.72;0;109483.01;0;0;0;267.92;0;3407.46;0;54.41;0;0;0;0;0;0;
0;62.95;161.59;988.58;356.06;82.85;1244.37;261.94;127.6;0;0;182.6;0;1752.08;107.6;0;158.15;0;56.61;0;339.51;0;0;0;142.57;19.46;0;0;0.78;0;0;0;0;0;0;
3;1721.26;0;23064.44;46.36;0;3281.7;267.76;0;647.11;0;0;1159.12;732.68;0;0;29962.61;0;23.4;0;303.77;1652.39;0;0;625.62;0;549.01;0;114.44;0;0;0;0;0;0;
20;0;0;10695.24;0;0;57.64;0;0;182.99;0;0;0;0;0;0;0;0;0;0;0;2606.07;0;0;0;0;61;0;0;0;0;0;0;0;0;
0;0;0;0;0;0;0;704.07;0;0;0;0;0;0;0;0;0;0;0;0;0;0;0;0;100.33;0;0;30.59;1799.56;0;0;0;0;0;0;
0;187.13;0;4258.95;356.1;0;7266;1051.68;39.96;18.29;0;8.53;284.87;889.08;0;0;1187.3;0;20.75;0;84.88;179.16;0;233.28;238.52;0;0;0;65.9;0;0;0;0;0;0;
0;78.24;0;0;185.71;0;0;73.47;0;0;0;0;5.44;0;0;0;0;0;0;56.19;424.84;0;0;0;7.32;0;0;0;0;0;0;0;0;0;0;
4;0;0;0;0;3541.41;0;0;0;0;0;0;0;0;0;0;0;0;0;0;0;0;3193.24;0;0;0;0;0;0;0;0;0;0;0;0;
0;0;0;0;174.35;0;93.53;1036.83;0;0;0;0;340.77;0;0;0;0;0;35.6;142.98;0;0;0;0;57.8;0;17.93;11.99;24.83;0;0;0;0;0;0;
1;49.71;83.74;1198.53;185.06;73.78;51.66;20.25;175.17;61;0;121.9;827.55;0;12.93;3.77;1068.02;0;0;0;465.63;423.45;0;167.18;0;0;-120.83;0;5.61;58.89;262.01;0;0;0;0;
1;8.64;323.88;0;0;0;747.48;80.82;135.52;0;0;53.3;2792.99;457.5;6863.5;0;0;0;140.26;0;1104.31;37.31;0;0;1688.25;0;0;0;517.72;10.83;194.93;0;0;0;0;
16;1869.31;0;13824.76;25.17;0;8804.63;517.93;88.33;70.74;0;0;763.44;1493.63;98.59;0;14597.48;0;14.08;144.61;0;55.02;555.71;0;158.08;335.93;6.04;0;52.86;0;0;0;0;0;0;
0;0;0;0;1742.09;0;0;0;0;0;0;0;1633.65;0;0;0;0;0;0;0;0;0;0;0;0;0;0;0;0;0;0;0;0;0;0;
1;0;0;0;0;0;3268.36;80.97;0;0;0;0;23.05;536.92;0;0;9.87;0;0;0;19.22;0;0;0;36.01;0;0;0;1.93;0;0;0;0;0;0;
0;795.64;30.62;0;0;0;0;0;0;202.15;0;0;0;0;72.92;0;39.75;0;0;0;21.81;0;0;0;0;0;0;0;0;0;0;0;0;0;0;
1;313.12;542.43;1340.79;10122.5;1742.14;0;85;0;41.71;0;0;9852.26;0;130.72;0;198.87;0;0;0;0;179.46;2020.31;0;28.06;0;61;0;52.96;0;0;0;0;0;0;
0;1107.84;62.77;350.35;42.31;0;6.17;357.71;83.95;47.58;0;0;0;128.99;0;0;193.28;0;27.28;0;438.7;417.55;0;50;6.98;0;0;0;0;0;8.98;0;0;0;0;
0;0;0;0;0;0;396.25;0;0;0;0;0;0;242.99;0;0;0;0;0;0;0;0;0;0;0;0;0;0;0;0;0;0;0;0;0;
1;1038.44;611.57;2200.9;1083.91;0;132.01;611.76;0;9.92;0;0;158.03;0;0;0;0;0;0;0;0;0;0;0;0;0;0;0;0;0;0;0;0;0;0;
12;0;323.14;10191.14;51397.49;28315.97;1.84;1765.65;0;66.19;0;0;9549.99;0;298.14;0;0;0;0;0;0;688.67;6325.11;12614.93;0;0;72.59;0;149.52;0;0;0;0;0;0;
3;0;0;7713.54;0;0;0;163.48;0;0;0;0;0;0;0;0;12235.88;0;0;0;0;0;0;0;108.25;0;0;0;0;0;0;0;0;0;0;
2;6196.2;553.13;202.62;24.02;0;3813.24;2707.54;606.81;479.63;0;258.02;53.78;1284.62;0;0;17.53;0;110.76;1012.66;5628.13;130.63;0;0;2335.6;0;163.75;0;80.86;12.03;169.48;0;0;0;0;
1;0;0;46.84;5225.14;0;0;481.97;0;0;0;0;209.71;0;0;0;0;0;24.75;0;0;0;0;0;0;0;11.69;0;14.05;0;0;0;0;0;0;
1;0;0;24.33;56.77;0;0;29.52;0;0;0;15.54;422.32;0;5.56;0;395.73;0;111.85;0;0;12.22;0;232.93;29.45;0;0;0;28.15;0;19.64;0;0;0;0;
1;372.44;51.05;0;-36.82;0;-407.6;407.28;0;-6.22;0;0;8062.91;1415.7;8198.81;0;254.32;0;431.77;1271.74;22075.19;0;0;0;184.26;0;477.84;0;155.2;0;28.05;0;0;0;0;
1;0;0;0;354.79;0;0;0;0;0;0;0;471.38;0;0;0;0;0;0;0;0;0;0;0;0;0;0;0;0;0;0;0;0;0;0;
0;0;0;0;480.68;55.8;0;1928.76;0;0;0;0;219.88;0;0;0;54.53;0;176.68;0;0;0;0;0;3499.68;0;0;49.81;71.15;0;0;0;0;0;0;
8;0;0;6.66;0;0;0;0;0;0;0;0;0;0;104.19;0;0;0;0;0;0;0;0;0;0;0;0;0;0;0;0;0;0;0;0;
5;2946.98;877.47;1080.09;1682.7;0;931.53;72.28;1649.66;97.01;0;263.9;1242.07;339.83;400.42;0;951.86;0;64.27;0;9253.77;224.36;8651.78;505.79;195.36;0;474.92;0;320.41;0;141.61;0;0;0;0;
2;0;0;0;0;0;458.96;0;0;0;0;0;0;0;0;0;0;0;0;859.4;0;0;0;0;0;0;0;0;0;0;0;0;0;0;0;
8;52204.57;94.69;755.34;4730.58;0;1077.64;49.01;14.71;8853.45;0;0;1487.24;47503.8;1939.15;0;0;0;21.76;0;70558.07;487.18;0;489.4;0;0;6658.94;0;0;0;0;0;0;0;0;
1;615.12;0;0;63.48;0;13.75;406.47;0;0;0;0;892.5;0;0;0;0;0;0;0;71.54;0;0;0;55.57;0;0;0;0;0;0;0;0;0;0;
1;3866.28;0;296.82;0;0;148.84;6.06;0;10.36;0;57.19;0;198.73;0;0;0;0;11.24;0;17543.23;150.43;0;0;13.63;0;1814.45;0;0;0;747.63;0;0;0;0;
2;4957.88;0;0;0;3282.47;8150.92;0;0;20.42;0;0;700.32;10845.84;0;0;0;0;0;0;0;368.38;0;2653.55;0;0;36.6;0;0;0;0;0;0;0;0;
     ;67.76;0;0;0;0;0;0;0;0;0;0;0;89.94;0;0;190.6;0;0;0;0;123.9;0;0;29.1;0;0;0;0;0;0;0;0;0;0;
1;159.55;0;27.38;0;0;0;0;0;0;0;0;0;0;0;0;0;0;0;0;902.47;0;0;0;0;0;0;0;0;0;0;0;0;0;0;
1;258.28;0;16.81;0;0;2629.93;145.56;19.19;26.18;0;17.96;13.2;2913.23;152.5;0;277.89;0;21.12;0;328.38;0;0;0;80.58;0;-4.88;0;11.18;0;9.03;0;0;0;0;
8;285.02;0;0;0;0;0;0;0;0;0;0;0;0;0;0;0;0;0;0;73.98;0;0;0;0;0;0;0;0;0;0;0;0;0;0;
1;1067.66;0;132.03;0;0;20415.26;480.58;0;15.54;0;9.08;0;22417.06;0;0;0;0;119.76;0;1693.23;0;0;0;495.09;0;51.08;0;0;0;0;0;0;0;0;
0;0;0;0;0;0;55.83;0;0;0;0;0;0;0;0;0;0;0;0;0;0;0;0;0;14.27;0;0;0;0;0;0;0;0;0;0;
1;0;0;0;543.52;0;0;0;0;0;0;0;259.75;41.18;0;0;95.11;0;0;0;614;0;0;313.45;32.32;0;0;0;0;0;0;0;0;0;0;
     ;0;0;0;0;0;83.25;0;0;0;0;0;1.98;305.16;0;0;0;0;0;0;0;0;0;0;26.82;0;0;0;4.88;0;0;0;0;0;0;
3;16797.29;0;0;0;0;0;87.29;0;342.56;0;0;0;0;0;0;0;0;0;0;66265.65;0;0;0;296.34;0;411.63;0;0;0;0;0;0;0;0;
1;0;0;0;0;0;604.07;34.53;0;0;0;0;7.1;3493.1;0;0;0;0;9.93;0;5.6;0;0;0;475.46;0;0;0;6.88;0;0;0;0;0;0;
0;0;0;13.97;0;0;0;201.3;25.01;0;0;0;0;80.28;0;0;0;0;0;0;0;0;0;0;24.44;0;0;0;0;0;0;0;0;0;0;
4;117.22;0;979.16;6.15;0;27.57;1027.56;76.25;0;0;0;8.1;0;0;0;1853.34;0;0;0;64.4;313.59;0;112.86;10.03;0;0;0;73.77;0;0;0;0;0;0;
8;0;0;0;55370.55;0;0;0;0;402.57;0;0;55003.16;0;664.29;0;0;0;0;0;0;0;0;0;0;0;338.9;0;83.95;0;0;0;0;0;0;
18;0;0;132.12;156.03;0;0;0;0;0;0;0;0;0;0;0;0;0;0;0;0;54.57;0;0;0;0;0;0;0;0;0;0;0;0;0;
9;3077.23;0;34.99;0;0;13.41;70.15;0;24.1;0;0;0;0;0;0;0;0;79.3;0;207.24;0;0;0;0;0;0;0;0;0;0;0;0;0;0;
0;0;0;0;863.77;85.82;0;670.69;0;0;0;0;1849.75;0;0;0;0;0;38.06;0;0;481.75;9851.83;444.65;22.61;0;61;0;247.28;0;0;0;0;0;0;
0;0;0;0;214.22;0;0;0;0;0;0;0;427.89;0;0;0;0;0;0;0;26.11;0;0;79.96;0;0;0;0;0;0;0;0;0;0;0;
4;2994.15;0;196.33;0;0;422.74;1063.47;42448.35;841.77;0;7524.05;154.82;0;19.31;0;0;0;17.67;0;524.23;0;0;0;3650.26;0;131.15;0;0;0;25665.4;0;0;0;0;
0;0;0;2864.4;1457.27;2300.5;0;1476.68;0;10.97;0;0;468.72;0;0;0;3241.99;0;54.14;0;0;1105.71;0;1299.62;1177.51;0;0;0;107.32;0;0;0;0;0;0;
0;74.74;0;0;0;0;0;34.97;0;0;0;0;0;0;0;0;0;0;0;0;0;0;0;0;52.68;0;0;0;0;0;0;0;0;0;0;
1;784.31;25.12;1377.04;7957.1;0;10786.26;1034.67;105.17;99.74;0;46.06;1049.98;3504;0;0;1118.03;0;21.37;0;2338.46;869.95;0;59.96;128.39;0;258.71;0;0;0;24.51;0;0;0;0;
2;425.88;223.33;0;0;0;0;0;0;-3.66;0;0;0;0;185.64;0;0;0;8.14;125.03;871.89;0;0;0;23.74;0;5.49;0;0;0;0;0;0;0;0;
1;0;3320.21;6.04;6.77;0;0;110.11;0;48.8;0;0;0;1213.19;61.96;0;0;0;0;0;11.37;0;0;0;205.66;0;0;0;8.47;0;0;0;0;0;0;
5;41002.16;24981.04;1614.58;1177.31;0;7898.1;782.27;842.9;-367.29;0;889.79;1437.39;501.3;29773.25;0;0;0;84.62;530.63;34816.97;1222.44;0;0;1291.72;133.04;1743.65;0;10.36;10.55;442.49;0;0;0;0;
2;1234.31;0;114.75;258.25;0;55.24;112.25;0;-6.22;0;0;129.84;260.06;332.79;0;110.26;0;71.3;0;4748.9;-429.51;0;0;549.79;0;30.38;0;10.48;0;0;0;0;0;0;
1;1741.47;396.86;10080.91;1116.21;4479.46;99.06;1851.49;393.9;286.62;0;0;20640.67;0;2028.04;0;1533.13;0;0;0;-59.18;1562.56;13310.37;3565.1;987.52;0;-161.15;3.71;314.72;0;56.12;0;0;0;0;
1;0;0;0;0;0;11714.8;70.7;0;170.64;0;0;0;5770.33;0;0;0;0;0;0;0;0;0;0;0;0;83.7;0;0;0;0;0;0;0;0;
5;19236.43;0;-305.25;1649.23;0;1572.98;49.42;1225.8;113.59;0;1661.96;3438.41;180.27;384.36;0;0;0;473.93;38.5;48239.89;1740.88;0;0;5713.55;0;1615.11;0;322.86;0;1141.21;0;0;0;0;
2;1556.31;11693.16;0;947.29;0;514.91;962.11;324.64;21.95;0;1179.13;446.89;0;14777.86;0;0;0;123.27;100.3;5079.97;1317.6;957.97;0;1499.58;0;36.6;0;62.46;0;70.32;0;0;0;0;
0;21.36;94.49;20.79;0;0;0;130.95;21.62;0;0;0;0;0;83.48;0;0;0;0;0;0;0;0;0;38.38;0;0;0;0;0;45.68;0;0;0;0;
2;2604.09;0;0;0;0;0;0;0;685.85;0;0;0;0;0;0;0;0;0;0;4208.11;0;0;0;0;0;513.01;0;0;0;5080.67;0;0;0;0;
0;0;0;0;0;204.01;0;0;0;0;0;0;273.78;16.26;0;0;334.29;0;0;102.97;0;28.52;0;0;3.46;68.71;0;0;11.88;0;0;0;0;0;0;
0;1286.95;0;0;0;0;0;20.74;7838.36;108.42;0;29.43;0;0;0;0;0;0;0;0;0;0;0;0;0;0;0;0;0;0;116.14;0;0;0;0;
3;0;1280.99;0;1959.07;0;0;22.14;0;47.37;0;0;0;0;2610.8;0;0;0;0;0;0;0;0;0;0;0;0;0;101.35;0;0;0;0;0;0;
2;18698.47;0;27.63;0;0;1969.79;89.31;0;18.28;0;0;12.38;0;143.05;0;39.81;0;591.97;0;32791.82;0;0;0;400.97;0;0;0;33.68;0;0;0;0;0;0;
1;0;0;0;0;0;8932.31;19.45;0;0;0;0;0;4567.3;0;0;0;0;0;560.57;0;0;0;0;432.22;0;0;0;0;0;0;0;0;0;0;
5;0;0;0;6530.5;0;557.23;0;0;201.29;0;0;11557.39;0;0;0;0;0;0;0;0;0;0;0;0;0;183;0;0;0;0;0;0;0;0;
1;762.13;236.45;0;0;0;0;3.94;0;0;0;-332.82;643.62;0;3965.09;0;0;0;0;0;729.07;0;0;0;0;0;-122.67;0;9.53;0;38.26;0;0;0;0;
1;0;0;0;0;31.67;3542.06;5.77;0;0;0;0;0;0;0;0;0;0;11.74;0;0;0;0;0;60.29;0;0;0;74.57;0;0;0;0;0;0;
4;7.71;3.38;503.06;378.23;0;42.84;21.64;0;0;0;0;619.78;7.98;0;0;0;0;0;0;0;0;0;0;64.66;0;0;0;0;0;0;0;0;0;0;
1;105.75;0;27.52;0;0;13806.03;230.82;7.48;0;0;0;0;18045.68;0;0;21.92;0;0;0;281.92;126.42;0;0;463.84;0;0;0;0;52.87;0;0;0;0;0;
10;9011.06;42.97;-386.75;767.89;1025.83;78920.97;15237.56;462.1;-1284.6;0;548.73;110.43;1728.06;205.3;61649.54;51.23;0;5918.7;30.84;5248.04;9682.71;0;0;4692.71;0;150.08;30.23;2713.38;24259.43;54.38;0;0;0;0;
0;0;21.81;0;0;0;4.4;16.5;0;0;0;0;0;0;0;0;0;0;0;0;0;0;0;0;82.24;0;0;0;0;0;0;0;0;0;0;
2;458.97;85.45;0;3.51;60.18;397.6;304.59;8.84;0;0;72.82;691.74;9.94;116.41;0;39.41;0;11.5;0;227.77;132.46;0;62.1;303.41;29.04;0;0;20.17;12.57;0;0;0;0;0;
1;1694.4;1474.44;2276.14;391;0;402.76;158.3;201.62;214.53;0;469.03;63.79;0;6623.09;0;45.65;0;76.74;72.65;3197.72;0;0;0;60.15;107.38;462.01;0;30.82;0;633.74;0;0;0;0;
3;28058.43;6985.06;2166.84;24.37;6.19;573.23;181.92;301.13;892.43;0;979.95;98.82;356;2844.17;0;0;0;151.33;20.4;20347.37;846.7;1405.44;0;17.56;0;431.27;0;35.43;0;299.67;0;0;0;0;
5;0;0;0;0;0;1932.49;0;0;0;0;0;0;875.69;0;0;0;0;0;585.4;0;0;0;0;0;0;40.26;0;0;0;0;0;0;0;0;
1;0;268.15;0;11256.68;4532.64;1157.42;4.23;0;405.63;0;0;19121.67;0;1383.42;0;0;0;0;151.28;0;0;1685.25;2693.76;0;0;195.8;0;216.55;0;0;0;0;0;0;
0;295.23;781.81;0;0;0;0;0;0;0;0;815.08;0;0;0;0;42.37;0;0;0;493.62;0;0;0;0;0;102.48;0;0;0;48.52;0;0;0;0;
2;329.13;0;69366.08;503.23;0;62.11;3314.87;2.97;534.73;0;0;0;0;0;0;71701.05;0;91.82;21.98;297.95;3765.09;0;0;368.28;0;1033.75;0;65.65;0;0;0;0;0;0;
3;303.04;2587.35;1954.66;2584.12;6198.24;0;3376.9;72.82;0;0;29.84;469.81;0;4440.73;0;299.57;0;6.06;84.13;3113.45;434.08;1577.24;0;2062.64;0;337.53;0;83.74;0;19.62;0;0;0;0;
10;9925.91;0;0;0;0;0;0;0;321.34;0;0;0;43.36;0;0;0;0;0;0;48632.77;0;2478.54;0;1621.97;0;982.1;0;0;0;0;0;0;0;0;
0;0;0;6958.15;0;0;0;497.04;0;0;0;0;0;0;0;0;4452.21;0;0;0;0;0;0;0;576.84;0;-6.22;0;0;0;0;0;0;0;0;
5;79.41;59.88;169.31;0;0;2063.26;103.91;10.16;0;0;5.19;5.98;4319.75;40.66;0;324.58;0;10.03;0;453.18;44.65;0;0;347.24;0;0;0;85.46;0;0;0;0;0;0;
0;15446.6;2164.55;1630.59;223.11;0;3820.21;1190.77;261.86;455.65;0;225.79;124.03;68.55;3034.71;0;0;0;176.12;382.8;10530.92;564.76;0;130.69;953.67;0;109.48;0;39.04;0;0;0;0;0;0;
3;0;0;67.52;2612.55;6297.64;0;229.91;0;136.63;0;0;8890.07;0;0;0;0;0;441.27;0;0;0;5667.38;2834.87;0;0;91.5;0;0;0;0;0;0;0;0;
1;0;0;13.8;0;0;0;0;39.75;0;0;314.71;0;0;32.24;0;600.46;0;2.82;0;0;4562.53;111.89;0;17.3;0;80.51;0;15.51;2.71;0;0;0;0;0;
0;0;0;0;0;0;29.66;0;0;0;0;0;0;0;0;0;0.38;0;0;0;0;-30.77;0;0;0;0;0;0;0;0;0;0;0;0;0;
3;53.46;0;12832.64;0;0;40.71;0;0;42.69;0;0;0;0;0;0;0;0;0;0;0;0;0;466.08;0;0;0;0;0;0;0;0;0;0;0;
0;0;0;0;0;0;3239.98;0;0;0;0;0;0;2256.33;0;0;0;0;0;0;0;0;0;0;0;0;0;0;0;0;0;0;0;0;0;
1;0;0;1279.28;0;0;0;92.47;0;0;0;0;2.07;0;0;0;254.15;0;17.07;0;31.32;36.95;0;0;251.7;0;0;0;40.96;0;0;0;0;0;0;
0;0;137.25;0;0;0;0;0;0;0;0;0;553.72;150.45;0;0;0;0;0;0;110.12;0;0;0;0;0;132.86;0;104.43;0;0;0;0;0;0;
1;0;0;1390.12;0;0;0;0;0;97.6;0;0;0;0;0;0;58.36;0;32.18;0;0;882.73;0;0;0;0;97.6;0;0;0;0;0;0;0;0;
0;208.94;0;94.82;23.41;0;90.08;846.31;164.62;97.6;0;0;26.69;0;0;0;0;0;129.19;0;-10.89;0;0;0;308.03;0;-45.14;0;84.34;27.51;0;0;0;0;0;
1;0;0;340.38;0;0;0;244.01;0;0;0;5.23;0;0;0;0;0;0;2928;0;784.24;0;0;0;0;0;116.68;0;0;0;0;0;0;0;0;
0;0;118.46;113.32;27.95;15934.66;122.31;156.68;0;0;0;7.05;0;56.79;1.88;0;0;0;0;1748.17;2461.42;0;21114.88;8314.19;8.54;0;6.1;0;188.67;0;0;0;0;0;0;
1;28822.34;0;927.15;0;0;0;132.82;0;898.65;0;0;0;55.08;0;0;0;0;0;0;62048.99;5216.52;0;0;72.19;0;4355.46;0;25.61;0;97.6;0;0;0;0;
1;87.15;188.87;564.42;0;0;0;106.17;6.39;0;0;0;0;0;15.05;0;49.73;0;156.01;0;20.74;2587.45;0;0;2888.86;0;45.7;0;47.08;0;0;0;0;0;0;
1;15.71;0;0;71.98;0;0;0;43.71;0;0;0;0;0;0;0;0;0;0;0;138.18;0;0;0;0;0;0;0;0;0;0;0;0;0;0;
0;106245.5;0;0;73.02;0;0;138.45;74.41;20028.06;0;0;0;0;0;0;0;0;0;0;2291.45;231.68;0;0;0;0;67.1;0;0;0;0;0;0;0;0;
1;2486.6;0;14.02;129.35;0;244.25;481.42;15.55;0;0;0;0;0;0;0;0;0;167.92;178.46;1366.55;0;0;0;85.46;0;0;0;0;0;0;0;0;0;0;
13;1547.57;0;0;0;0;0;0;0;169.91;0;0;0;0;0;0;0;0;0;0;47.26;0;0;0;0;0;0;0;0;0;0;0;0;0;0;
2;75.86;19.96;0;334.2;0;0;262.79;0;47.9;0;0;22.16;0;14.47;0;0;0;0;0;14.13;0;0;0;2.11;0;0;0;0;0;0;0;0;0;0;
1;38.7;0;170.75;8.86;0;1574.04;529.85;112.77;0;0;44.49;0;14.79;0;0;210.69;0;36.73;0;74.8;33.79;0;0;389.38;0;0;0;0;1994.09;160.97;0;0;0;0;
0;0;0;0;0;342.59;0;922.64;0;0;0;0;0;0;0;0;0;0;16.91;0;0;0;0;0;42.07;0;0;16.37;3.46;0;0;0;0;0;0;
0;8;0;0;0;0;373.4;0;0;0;0;0;0;0;0;0;0;0;0;572.58;140.69;0;0;0;32.6;18.45;0;0;0;0;4.7;0;0;0;0;
1;0;0;0;0;0;0;1223;0;0;0;0;14789.79;0;0;19.45;0;0;810.63;0;2871.09;1971.64;0;0;83.37;0;109.82;0;676.9;0;-317.2;0;0;0;0;
0;0;0;0;0;0;37.15;0;0;0;0;0;0;558.58;0;0;0;0;0;0;0;0;0;0;0;0;0;0;0;0;0;0;0;0;0;
0;0;0;2099.85;0;0;20.78;0;0;54.9;0;0;0;0;0;0;56.78;0;0;0;0;552.98;0;0;0;0;0;0;53.78;0;0;0;0;0;0;
0;888.3;250.21;435.51;833.71;0;20.23;758.44;0;0;0;307.39;143.35;10.27;2264.32;0;1013.22;0;44.15;504.31;3386.28;48.57;0;76.27;2332.75;0;50.63;0;61.48;0;188.8;0;0;0;0;
0;0;0;0;1204.86;0;0;0;0;0;0;0;391.83;0;0;0;0;0;0;0;0;0;0;0;0;0;0;0;0;0;0;0;0;0;0;
0;0;0;0;22413.53;0;0;0;0;689.29;0;0;36649.28;0;0;0;0;0;0;0;0;0;0;0;0;0;766.89;0;0;0;0;0;0;0;0;
8;0;0;0;47250.29;0;0;500.77;0;0;0;0;43082.14;0;0;0;0;0;491.03;0;0;0;0;0;0;0;54.9;0;0;0;0;0;0;0;0;
0;0;0;136.02;60869.97;0;0;2612.62;0;480.62;0;0;44834.55;0;0;0;0;0;900.92;0;0;107.86;0;0;0;0;402.6;0;0;0;0;0;0;0;0;
0;0;0;140.29;16013.91;0;0;556.75;0;445.29;0;0;4258.79;0;0;0;0;0;365.23;0;0;0;0;0;0;0;126.88;0;0;0;0;0;0;0;0;
0;0;0;0;12202.92;0;0;0;0;219.59;0;0;1145.47;0;0;0;0;0;0;0;0;0;0;0;0;0;73.2;0;0;0;0;0;0;0;0;
0;0;0;0;3522.95;0;0;0;0;1325.89;0;0;1575.8;0;0;0;0;0;0;0;0;0;0;0;0;0;72.66;0;0;0;0;0;0;0;0;
0;0;0;0;948.9;0;0;7.32;0;979.66;0;0;841.82;0;0;0;0;0;0;0;0;0;0;0;0;0;870.2;9.15;0;0;0;0;0;0;0;
0;0;0;0;0;1320;0;0;0;0;0;0;0;0;0;0;0;0;0;0;0;0;0;625.19;0;0;0;0;0;0;0;0;0;0;0;
0;0;0;0;-78.99;20198.83;0;0;0;0;0;0;0;0;0;0;0;0;0;0;0;0;0;17893.56;0;0;0;0;0;0;0;0;0;0;0;
0;0;0;0;0;2068.18;0;0;0;0;0;0;-36.6;0;0;0;0;0;0;0;0;0;0;1653.5;0;0;0;0;0;0;0;0;0;0;0;
0;0;0;0;0;693.41;0;0;0;0;0;0;57.46;0;0;0;0;0;0;0;0;0;0;848.05;0;0;0;0;0;0;0;0;0;0;0;
0;0;0;0;-255.06;3479.72;0;0;0;0;0;0;0;0;0;0;0;0;0;0;0;0;0;454.58;0;0;0;0;0;0;0;0;0;0;0;
0;0;0;0;0;1734;0;0;0;0;0;0;-12.2;0;0;0;0;0;0;0;0;0;0;151.62;0;0;0;0;0;0;0;0;0;0;0;
0;0;0;0;0;1800.66;0;0;0;0;0;0;0;0;0;0;0;0;0;0;0;0;0;914.39;0;0;0;0;0;0;0;0;0;0;0;
0;0;0;0;0;1852.93;0;0;0;0;0;0;0;0;0;0;0;0;0;0;0;0;0;776.75;0;0;0;0;0;0;0;0;0;0;0;
0;0;0;0;0;254.52;0;0;0;0;0;0;0;0;0;0;0;0;0;0;0;0;0;395.96;0;0;0;0;0;0;0;0;0;0;0;
0;0;0;0;0;6658.49;0;0;0;0;0;0;-30.5;0;0;0;0;0;0;0;0;0;0;2318.93;0;0;0;0;0;0;0;0;0;0;0;
0;0;0;0;0;1168.64;0;0;0;0;0;0;129.71;0;0;0;0;0;0;0;0;0;0;1446.43;0;0;0;0;0;0;0;0;0;0;0;
3;0;0;88.32;9809.21;0;0;0;0;268.39;0;0;7527.79;0;0;0;0;0;216.43;0;0;0;0;0;0;0;130.54;0;0;0;0;0;0;0;0;
0;0;0;0;0;0;0;1330.68;0;0;0;0;1912.87;0;0;0;0;0;488.94;0;0;0;0;0;0;0;0;0;0;0;0;0;0;0;0;
0;0;0;0;6271.82;0;0;75.81;0;0;0;0;136.59;0;0;0;0;0;0;0;0;0;0;0;0;0;0;0;0;0;0;0;0;0;0;
5;0;0;0;42560;0;0;653.69;0;1122.37;0;0;22333.93;0;0;0;0;0;173.4;0;0;0;0;0;0;0;453.47;0;0;0;0;0;0;0;0;
2;0;0;0;1376.04;0;0;0;0;0;0;0;1597.35;0;0;0;0;0;0;0;0;0;0;0;0;0;0;0;0;0;0;0;0;0;0;
0;0;0;0;509.69;0;0;3.9;0;462.38;0;0;3154.65;0;0;0;0;0;0;0;0;0;0;0;0;0;1058.96;0;0;0;0;0;0;0;0;
0;0;0;0;95.47;0;0;0;0;6781.1;0;0;1699.77;0;0;0;0;0;0;0;0;0;0;0;0;0;1872.46;0;0;0;0;0;0;0;0;
1;0;0;2511.58;101.66;3323.07;0;799.3;113.99;0;0;0;91.5;0;0;0;1438.36;0;0;0;0;0;6509.76;1147.96;95.76;0;0;0;87.17;0;0;0;0;0;0;
0;0;0;0;0;0;0;266.09;0;0;0;0;0;0;0;0;0;0;17.15;0;0;0;0;0;22.72;0;0;0;24.56;0;0;0;0;0;0;
0;34.01;0;0;0;0;638.63;0;0;0;0;0;53.85;148.89;0;0;0;0;0;0;0;0;0;0;0;0;0;0;0;0;0;0;0;0;0;
3;607.57;0;26878.07;5.51;0;2107.98;3157.27;0;620.92;0;0;0;0;0;0;13914.65;0;0;0;0;1467.09;0;0;0;0;314.05;0;0;0;0;0;0;0;0;
0;0;0;6293.35;199.17;1288.62;0;59.88;0;0;0;0;428.85;0;0;0;3262.16;0;0;0;0;0;0;2091.95;29.85;0;0;29.28;15.8;0;0;0;0;0;0;
0;0;0;1310.2;0;0;0;3.08;0;0;0;0;0;0;0;0;0;0;0;0;0;0;0;0;0;0;0;0;0;59.22;0;0;0;0;0;
1;0;0;0;0;0;1942.96;0;0;51.47;0;0;0;518.11;0;0;0;0;0;0;0;0;0;0;0;0;0;0;0;0;0;0;0;0;0;
1;11130.45;0;0;0;0;0;0;0;3667.93;0;0;0;0;0;0;0;0;0;0;15312.48;0;0;0;0;0;4640.1;0;0;0;0;0;0;0;0;
1;0;0;10.06;0;0;1167.43;0;0;0;0;0;0;552.86;0;0;0;0;0;7856.07;26.66;0;0;0;0;2840.83;0;0;0;0;0;0;0;0;0;
2;7068.06;0;0;0;0;1108.67;98.11;254.62;771.77;0;133.47;35.18;56.58;0;0;0;0;86.78;15039.03;7636.55;0;0;0;90.28;0;281.12;0;20.42;0;484.52;0;0;0;0;
8;134966.19;0;0;0;0;0;164.62;0;16593.84;0;0;0;0;0;0;0;0;0;0;91948.46;0;0;0;0;0;9137.31;0;0;0;0;0;0;0;0;
1;6677.9;5207.86;442.5;433.17;382.99;876.19;781.44;8.01;-129.92;0;128.58;453.6;2879.65;935.22;0;157.22;0;25.74;49.78;3047.08;128.47;597.47;0;691.14;0;247.66;0;13.41;0;0;0;0;0;0;
1;1373.5;2586.96;2747.92;2997.15;8874.66;2028.34;4607.54;208.41;169.33;0;0;277.42;5.36;5659.87;342.09;119.77;0;40.22;399.49;49.51;0;0;157.83;3006.63;0;67.1;0;583.05;18.1;22.88;0;0;0;0;
1;0;0;2193.09;0;702.04;0;206.6;0;53.19;0;0.99;41.6;0;0;0;1688.19;0;45.12;411.41;0;587.04;0;102.24;824.39;0;76.51;0;28.85;0;0;0;0;0;0;
10;37835.22;114.6;0;0;0;0;2419.17;0;153.7;0;0;0;0;0;0;0;0;0;0;26493.93;0;0;0;4004.89;0;222.64;0;0;0;0;0;0;0;0;
1;10006.94;78.94;629.3;1901;1706.67;8359.98;4943.39;834.41;286.09;0;327.12;985.69;352.12;0;0;576.29;0;248.64;1199.53;8996.96;40.2;1331.23;0;11418.43;54.19;432.56;0;77.78;0;202.42;0;0;0;0;
0;31.25;0;6416.92;27.97;0;0;12.45;0;0;0;0;0;0;0;0;5.33;0;4.26;0;41.41;3820.05;0;0;52.5;0;0;0;0;0;0;0;0;0;0;
1;0;0;0;0;0;1061.4;0;0;0;0;0;0;0;0;0;0;0;0;0;0;0;0;0;0;0;0;0;0;435.54;0;0;0;0;0;
3;17233.94;0;0;0;0;251.7;229.69;688.12;2917.7;0;0;0;0;0;0;0;0;0;0;0;0;0;0;0;0;-6.22;0;0;0;0;0;0;0;0;
0;2313.72;0;0;126.99;2915.42;2766.03;607.7;567.64;53.23;0;0;29.95;110.65;0;0;0;0;0;4537.9;2475.58;0;0;0;21.07;0;112.97;0;0;0;200.69;0;0;0;0;
1;617.09;3840.91;0;644.57;0;1089.94;29.96;0;20.73;0;0;2432.61;0;12428.24;0;85.06;0;0;0;942.78;582.67;0;0;0;0;156.16;0;107.69;0;0;0;0;0;0;
1;0;0;0;0;0;80.47;18.78;0;0;0;0;0;1767;0;0;0;0;0;0;0;0;0;0;19.22;0;0;0;0;0;0;0;0;0;0;
0;64.02;0;0;0;0;0;91.7;0;0;0;0;0;0;0;0;0;0;0;0;78.9;0;0;0;2.03;0;0;0;0;0;0;0;0;0;0;
0;17.45;0;2750.11;10.67;1238.24;178.86;180.19;0;317.53;0;0;7.11;44.96;0;0;1563.59;0;0;0;0;416.02;0;111.2;49.74;0;65.88;0;14.87;0;0;0;0;0;0;
1;0;0;0;0;0;1923.38;0;0;0;0;0;0;185.24;0;0;0;0;0;0;0;0;0;0;0;0;0;0;0;0;0;0;0;0;0;
0;0;79.11;1806.99;0;0;0;63.33;0;0;0;0;0;0;0;0;3318.84;0;0;0;0;803.41;0;190.91;45.07;0;92.99;0;0;0;0;0;0;0;0;
1;304.88;0;0;0;0;1399.48;210.31;0;0;0;0;0;0;0;0;0;0;0;36.11;0;0;0;0;0;0;0;0;0;151.67;0;0;0;0;0;
1;126.43;0;0;15.38;0;0;13.93;56.5;0;0;0;159.45;190.94;8.81;0;483.84;0;11.87;0;1059.19;33.39;0;123.22;112.86;0;0;0;54.67;0;35.75;0;0;0;0;
1;57.42;0;13.05;0;0;124.01;15.45;28.33;0;0;0;0;283.41;0;0;902.42;0;0;0;30.95;215.82;0;0;177.83;0;0;0;140.85;0;0;0;0;0;0;
3;2091.62;695.68;0;0;0;1598.3;11.11;0;-494.4;0;0;0;0;0;0;0;0;0;0;7853.9;876.2;0;0;0;0;1260.81;0;0;0;0;0;0;0;0;
1;44.65;58.27;0;0;0;0;6.82;383.68;0;0;110.65;555.58;0;0;0;0;0;6.78;0;909.5;0;0;0;0;0;0;0;36.91;0;43.68;0;0;0;0;
1;0;0;63.39;0;0;0;189.37;0;0;0;0;0;0;0;0;0;0;0;0;0;0;0;0;0;0;0;0;128.89;0;0;0;0;0;0;
1;0;0;0;0;0;4067.99;338.68;0;0;0;0;0;396.89;0;0;0;0;0;0;0;0;0;0;0;0;0;0;0;1280.74;0;0;0;0;0;
0;0;0;0;457.86;0;0;0;0;320.86;0;0;164.59;0;0;0;0;0;0;0;0;0;0;0;0;0;159.82;0;0;0;0;0;0;0;0;
0;2061.68;0;0;0;0;0;0;0;0;0;0;0;0;0;0;0;0;0;0;23793.78;0;0;0;0;0;115.9;0;0;0;0;0;0;0;0;
0;29.62;264.5;0;312.25;0;0;50.69;0;-70.76;0;14.15;0;0;0;36.62;293.72;0;0;0;5625.14;1020.38;0;0;0;0;292.17;0;0;462.56;1129.11;0;0;0;0;
0;93.76;0;22028.37;112.91;1859.09;85.08;1267.81;0;318.75;0;0;0;0;0;0;5713.14;0;12.18;0;120.91;2077.94;0;263.98;377.03;0;0;0;58.83;0;0;0;0;0;0;
1;0;0;12.01;0;0;498.5;191.58;0;0;0;0;0;51.09;0;0;0;0;0;0;0;0;0;0;10.92;0;0;0;0;0;0;0;0;0;0;
0;106.73;0;0;0;0;1525.46;51.63;244.61;18.3;0;8.78;0;0;0;0;78.79;0;0;115.75;110.96;0;0;0;0;0;0;0;0;0;148.01;0;0;0;0;
1;0;0;0;0;0;3786.19;51.7;0;0;0;0;0;2405.68;0;0;0;0;0;0;0;0;0;0;13.18;0;24.4;0;0;624.52;0;0;0;0;0;
14;292.55;1370.45;2383.53;97.5;0;5473.23;357.12;19.21;181.77;0;0;89.89;0;19600.73;0;0;0;0;0;7.56;0;0;0;2.68;0;24.4;0;0;0;0;0;0;0;0;
0;0;0;0;898.04;0;0;0;0;0;0;0;9731.43;0;0;0;0;0;60.6;0;0;0;0;1581.61;0;0;48.8;0;0;0;0;0;0;0;0;
14;0;0;367.98;0;0;0;0;0;0;0;0;4905.77;0;0;0;0;0;0;0;0;0;0;0;0;0;452.5;0;0;0;0;0;0;0;0;
4;0;0;0;0;0;4595.86;36;0;0;0;0;0;1658.47;0;0;0;0;0;0;0;0;0;0;38.2;0;0;0;0;0;0;0;0;0;0;
3;1203;0;34294.8;50.38;0;0;1220.5;0;0;0;0;0;0;0;0;21610.47;0;77.8;0;0;12472.21;0;60.34;392.85;0;100.04;0;80.19;0;0;0;0;0;0;
4;12558.43;1319.94;2215.86;2023.71;0;0;704.13;0.81;317.25;0;0;154.73;0;6.04;0;0;0;39.45;0;2473.9;0;0;0;8.32;0;17.08;0;0;0;0;0;0;0;0;
0;408.77;0;50.97;0;0;0;2.33;123.56;0;0;0;0;0;1915.16;0;0;0;0;0;1073.11;0;0;0;0;0;0;0;0;0;0;0;0;0;0;
15;4421.8;69.99;0;334.84;0;569.34;10.69;0;-106.14;0;10.46;0;6.53;907.68;0;0;0;0;0;3156.16;0;0;0;12.65;0;-196.42;0;0;0;0;0;0;0;0;
0;8.71;0.85;37.95;0;0;35.41;3.49;240.22;0;0;0;0;0;0;0;0;0;0;0;58;0;0;0;0;0;0;0;0;0;0;0;0;0;0;
4;2449.1;1833.15;113.22;203.3;0;97.41;391.59;727.91;0;0;37.55;220.36;0;0;0;0;0;0;0;233.97;38;0;0;9.03;0;0;0;0;0;120.45;0;0;0;0;
0;262.76;20.73;230.12;0;0;211.68;35.17;137.74;0;0;0;0;0;0;0;29.72;0;1.76;0;7.34;460.89;0;0;0;0;0;0;0;0;0;0;0;0;0;
1;4154.34;3251.11;161.12;2912.65;0;0;540.7;115;94.54;0;0;0;0;0;0;0;0;0;0;104.19;0;0;0;5.58;0;0;0;0;0;0;0;0;0;0;
1;560.72;302.49;1836.3;151.36;0;999.09;258.86;33.63;0;0;0;244.95;0;439.53;0;241.77;0;0;0;33.55;0;0;0;7.78;0;0;0;14.19;0;0;0;0;0;0;
0;1745.48;47.56;66.79;258.49;0;0;250.95;280.01;0;0;0;0;0;0;0;0;0;0;0;466.15;0;0;0;0;0;0;0;0;0;126.09;0;0;0;0;
1;688.54;0;0;0;0;0;0;0;-62.22;0;0;0;0;0;0;0;0;0;15.1;582.87;0;0;0;0;0;75.03;0;0;0;0;0;0;0;0;
10;57.46;0;194.91;0;0;0;5.44;0;0;0;0;0;0;0;0;0;0;0;0;12.08;0;0;0;0;0;0;0;0;0;0;0;0;0;0;
9;0;0;0;6860.66;0;0;0;0;134.19;0;0;15219.7;0;0;0;0;0;0;0;0;0;0;0;0;0;97.61;0;0;0;0;0;0;0;0;
1;1133.3;0;0;185.46;0;438.47;72.59;0;44.53;0;0;138.37;0;0;0;0;0;0;0;1891.79;0;0;0;79.64;0;-14.64;0;29.6;0;0;0;0;0;0;
0;0;0;0;373.21;6208.53;0;157.89;0;0;0;0;0;0;0;0;0;0;0;0;0;0;3709.39;0;0;0;0;0;0;0;0;0;0;0;0;
0;0;0;42.36;0;0;0;19.12;123.45;0;0;0;0;0;0;0;134.14;0;0;0;190.23;0;0;0;12.74;0;0;0;1.49;10;11.52;0;0;0;0;
0;0;0;0;35.52;0;0;731.39;0;0;0;0;29.28;0;0;0;0;0;85.39;0;0;0;0;0;29.96;0;0;17.76;367.53;0;0;0;0;0;0;
0;144613.72;0;0;0;0;0;26.03;0;0;0;0;13.08;0;0;0;0;0;0;0;1071.7;0;0;0;80.22;0;0;0;165.55;0;175.99;0;0;0;0;
0;351.03;0;0;0;0;418.06;87.67;32.67;0;0;0;0;0;0;0;0;0;0;0;28.63;0;0;0;0;0;0;0;0;0;0;0;0;0;0;
0;0;0;0;0;0;0;614.66;0;0;0;0;0;0;0;0;0;0;102.77;0;0;0;0;0;14.07;0;0;0;112.53;0;0;0;0;0;0;
4;0;0;0;0;0;111.26;7.53;0;0;0;0;0;0;0;0;47.93;0;5.87;0;57.24;0;0;0;0;0;0;0;0;0;0;0;0;0;0;
0;0;0;0;529.48;0;0;0;0;0;0;0;0;0;0;0;0;0;0;0;0;0;240.73;0;0;0;0;0;0;0;0;0;0;0;0;
0;443.96;0;0;0;0;0;0;0;142.61;0;0;0;0;0;0;0;0;0;0;221.98;0;0;0;0;0;109.54;0;0;0;0;0;0;0;0;
0;24.89;0;0;0;0;0;239.01;0;0;0;300.08;53.58;0;0;0;0;0;10.8;0;143.33;0;0;0;269.67;0;0;0;0;0;88.82;0;0;0;0;
0;123.54;15.35;15.81;0;0;0;0;0;0;0;0;0;0;0;0;310.99;0;0;0;0;88.16;0;0;1.68;0;0;0;0;0;0;0;0;0;0;
0;96.33;801.31;86.73;200.72;0;0;46.14;0;0;0;0;60.51;0;671.9;0;0;0;8.47;0;0;0;0;0;0;0;0;0;10.87;0;0;0;0;0;0;
1;0;62;0;10.15;0;0;0;0;0;0;0;0;0;2125.07;0;0;0;0;0;0;0;0;0;0;0;79.3;0;0;0;0;0;0;0;0;
1;4514.16;793.13;0;0;0;583.46;680.8;115.13;1453.39;0;3.15;0;0;0;0;0;0;0;0;724.36;46.85;0;443.86;100.25;0;22.57;0;0;0;0;0;0;0;0;
2;1323.25;70.71;2304.68;0;0;305.57;290.63;0;179.59;0;8.24;0;0;0;0;0;0;0;0;58.12;0;0;0;0;0;0;0;0;0;302.07;0;0;0;0;
1;2304.74;0;0;0;0;0;22.38;0;273.55;0;0;0;396.15;0;0;0;0;0;0;0;0;0;0;88.02;0;0;0;0;0;132.57;0;0;0;0;
1;0;0;0;0;0;905.3;0;0;18.3;0;0;0;0;0;0;0;0;0;0;282.92;0;0;0;0;0;0;0;0;0;0;0;0;0;0;
12;0;47827.33;694.77;72980.34;0;0;87.43;0;170.71;0;0;3868.45;0;7740.9;0;0;0;0;0;0;0;0;0;0;0;54.9;0;0;0;0;0;0;0;0;
1;0;0;45.55;9865.88;4877.85;0;0;0;390.39;0;0;10069.31;0;0;0;115.2;0;0;0;0;48.98;0;248.16;0;0;91.5;0;0;0;0;0;0;0;0;
6;37214.33;32824.61;7596.11;1767.63;10415.3;2029.5;707.8;39.08;462.87;0;0;0;212.52;0;0;0;0;0;4392;0;0;0;0;0;0;0;0;0;0;0;0;0;0;0;
10;0;0;0;0;0;25878.22;42.73;0;149.07;0;0;0;2035.56;0;0;0;0;0;0;0;0;0;0;0;0;0;0;0;1311.62;0;0;0;0;0;
1;7011.14;0;24.59;0;0;43390.65;65.78;3619.27;2161.68;0;0;0;153.35;0;0;0;0;0;1398.5;341.66;0;0;0;0;0;0;0;0;0;0;0;0;0;0;
1;0;0;2734.83;11090.84;7575.82;5751.06;1329.96;38.11;136.64;0;0;285.46;0;0;0;0;0;0;0;0;0;0;0;0;0;0;0;0;0;0;0;0;0;0;
3;0;0;36.9;0;314.77;750.19;438.83;28.68;0;0;0;0;0;0;0;8.03;0;0;0;155.55;0;0;0;58.87;0;0;0;0;0;0;0;0;0;0;
3;1017.11;0;2870.11;0;0;45098.56;1207.73;0;34.15;0;0;0;15298.1;0;0;0;0;0;0;0;0;0;0;83.52;0;25.62;0;0;0;0;0;0;0;0;
12;0;0;0;0;0;33.11;0;0;0;0;0;0;1794.91;0;0;0;0;0;0;0;0;0;0;0;0;8.54;0;0;0;0;0;0;0;0;
3;6162.03;47.96;23534.16;564.73;7076.48;12298.02;89.69;0;136.35;0;0;0;0;17.91;0;5151.13;0;0;0;1202.82;6345.66;1507.01;0;12.86;0;0;0;0;0;0;0;0;0;0;
3;36.5;0;0;0;0;60572.6;0;0;426.95;0;0;0;9437.11;0;0;0;0;0;0;951.6;0;0;0;183.37;0;111.02;0;0;0;0;0;0;0;0;
1;96.69;39.34;0;0;0;2735.24;217.9;124.44;0;0;0;0;0;0;0;0;0;0;0;95.4;0;0;0;0;0;0;0;0;0;0;0;0;0;0;
     ;0;90.53;0;0;0;0;0;0;0;0;0;0;0;0;0;0;0;0;0;7084.41;0;0;0;0;0;1034.57;0;0;0;0;0;0;0;0;
8;23861.15;0;19.62;587.28;0;840.55;107.56;308.21;1784.15;0;8.93;0;0;0;0;0;0;0;0;989.54;0;0;0;0;0;48.8;0;0;0;0;0;0;0;0;
1;0;0;0;0;0;4143.45;0;0;76.85;0;0;0;127.08;0;0;0;0;0;0;0;0;0;0;0;0;8.54;0;0;0;0;0;0;0;0;
0;0;0;0;0;0;11.48;0;0;0;0;0;0;1123.3;0;0;0;0;0;0;0;0;0;0;0;0;0;0;0;0;0;0;0;0;0;
0;5290.17;0;0;0;0;42.75;0;0;249.79;0;0;0;0;0;0;0;0;0;0;2546.95;0;0;0;0;0;175.68;0;0;0;0;0;0;0;0;
0;217.95;0;326.9;103.48;0;16.93;0;0;69.49;0;0;5.49;0;0;0;103.94;0;0;0;3.95;144.08;0;0;0;0;0;0;0;0;0;0;0;0;0;
1;40.81;0;0;0;0;0;25.13;0;0;0;0;69.56;0;0;0;0;0;0;0;142.57;0;0;0;0;0;0;0;0;0;0;0;0;0;0;
1;0;0;0;0;0;2227.45;0;0;0;0;0;0;0;0;0;0;0;0;0;0;0;0;0;0;0;0;0;0;126.27;0;0;0;0;0;
1;0;0;47.04;0;0;214.14;0;0;0;0;0;0;0;0;0;0;0;0;0;0;0;0;1625.04;0;0;0;0;0;0;0;0;0;0;0;
